SPI, Time, MISO, MOSI 
1,-24.9120ms,0x00,0x80
2,-24.9061ms,0x00,0x40
3,-24.8998ms,0x00,0x31
4,-24.8479ms,0x00,0x8B
5,-24.8420ms,0x00,0x42
6,-24.8356ms,0x00,0x32
7,-24.7839ms,0x00,0xAA
8,-24.7780ms,0x00,0x62
9,-24.7716ms,0x00,0x33
10,-24.7199ms,0x00,0x8B
11,-24.7140ms,0x00,0x0D
12,-24.7076ms,0x00,0x34
13,-24.6553ms,0x00,0x7F
14,-24.6494ms,0x00,0xEC
15,-24.6430ms,0x00,0x30
16,-24.5918ms,0x00,0x80
17,-24.5859ms,0x00,0x01
18,-24.5795ms,0x00,0x31
19,-24.5278ms,0x00,0x8C
20,-24.5219ms,0x00,0x74
21,-24.5155ms,0x00,0x32
22,-24.4637ms,0x00,0xB1
23,-24.4578ms,0x00,0x39
24,-24.4514ms,0x00,0x33
25,-24.3997ms,0x00,0x8D
26,-24.3938ms,0x00,0x1D
27,-24.3874ms,0x00,0x34
28,-24.3351ms,0x00,0x80
29,-24.3293ms,0x00,0x19
30,-24.3229ms,0x00,0x30
31,-24.2715ms,0x00,0x80
32,-24.2656ms,0x00,0x29
33,-24.2592ms,0x00,0x31
34,-24.2075ms,0x00,0x8E
35,-24.2017ms,0x00,0x1A
36,-24.1953ms,0x00,0x32
37,-24.1436ms,0x00,0xB6
38,-24.1378ms,0x00,0xED
39,-24.1314ms,0x00,0x33
40,-24.0795ms,0x00,0x8E
41,-24.0736ms,0x00,0x0C
42,-24.0672ms,0x00,0x34
43,-24.0150ms,0x00,0x80
44,-24.0091ms,0x00,0x03
45,-24.0027ms,0x00,0x30
46,-23.9515ms,0x00,0x80
47,-23.9456ms,0x00,0x30
48,-23.9392ms,0x00,0x31
49,-23.8873ms,0x00,0x8F
50,-23.8815ms,0x00,0x22
51,-23.8751ms,0x00,0x32
52,-23.8233ms,0x00,0xBB
53,-23.8174ms,0x00,0x64
54,-23.8111ms,0x00,0x33
55,-23.7593ms,0x00,0x8F
56,-23.7535ms,0x00,0x61
57,-23.7471ms,0x00,0x34
58,-23.6947ms,0x00,0x80
59,-23.6889ms,0x00,0x23
60,-23.6825ms,0x00,0x30
61,-23.6311ms,0x00,0x80
62,-23.6253ms,0x00,0x2B
63,-23.6189ms,0x00,0x31
64,-23.5672ms,0x00,0x90
65,-23.5613ms,0x00,0x16
66,-23.5549ms,0x00,0x32
67,-23.5031ms,0x00,0xBF
68,-23.4972ms,0x00,0x0B
69,-23.4908ms,0x00,0x33
70,-23.4390ms,0x00,0x90
71,-23.4331ms,0x00,0x14
72,-23.4268ms,0x00,0x34
73,-23.3747ms,0x00,0x80
74,-23.3688ms,0x00,0x24
75,-23.3624ms,0x00,0x30
76,-23.3111ms,0x00,0x80
77,-23.3052ms,0x00,0x1F
78,-23.2988ms,0x00,0x31
79,-23.2470ms,0x00,0x90
80,-23.2411ms,0x00,0xC3
81,-23.2348ms,0x00,0x32
82,-23.1830ms,0x00,0xBF
83,-23.1771ms,0x00,0xCC
84,-23.1707ms,0x00,0x33
85,-23.1189ms,0x00,0x90
86,-23.1130ms,0x00,0x2A
87,-23.1066ms,0x00,0x34
88,-23.0543ms,0x00,0x80
89,-23.0484ms,0x00,0x03
90,-23.0420ms,0x00,0x30
91,-22.9908ms,0x00,0x80
92,-22.9849ms,0x00,0x09
93,-22.9786ms,0x00,0x31
94,-22.9267ms,0x00,0x90
95,-22.9208ms,0x00,0xD9
96,-22.9144ms,0x00,0x32
97,-22.8626ms,0x00,0xC0
98,-22.8568ms,0x00,0x07
99,-22.8504ms,0x00,0x33
100,-22.7988ms,0x00,0x90
101,-22.7929ms,0x00,0x3C
102,-22.7866ms,0x00,0x34
103,-22.7342ms,0x00,0x7F
104,-22.7284ms,0x00,0xD6
105,-22.7220ms,0x00,0x30
106,-22.6706ms,0x00,0x80
107,-22.6648ms,0x00,0x09
108,-22.6584ms,0x00,0x31
109,-22.6067ms,0x00,0x90
110,-22.6008ms,0x00,0x3B
111,-22.5944ms,0x00,0x32
112,-22.5425ms,0x00,0xBF
113,-22.5366ms,0x00,0x4E
114,-22.5302ms,0x00,0x33
115,-22.4783ms,0x00,0x8F
116,-22.4725ms,0x00,0xD2
117,-22.4661ms,0x00,0x34
118,-22.4139ms,0x00,0x7F
119,-22.4080ms,0x00,0xF6
120,-22.4016ms,0x00,0x30
121,-22.3503ms,0x00,0x80
122,-22.3445ms,0x00,0x0F
123,-22.3381ms,0x00,0x31
124,-22.2863ms,0x00,0x8F
125,-22.2805ms,0x00,0x42
126,-22.2741ms,0x00,0x32
127,-22.2225ms,0x00,0xBC
128,-22.2166ms,0x00,0x52
129,-22.2102ms,0x00,0x33
130,-22.1584ms,0x00,0x8F
131,-22.1525ms,0x00,0x9B
132,-22.1461ms,0x00,0x34
133,-22.0938ms,0x00,0x80
134,-22.0879ms,0x00,0x40
135,-22.0815ms,0x00,0x30
136,-22.0303ms,0x00,0x80
137,-22.0244ms,0x00,0x14
138,-22.0180ms,0x00,0x31
139,-21.9662ms,0x00,0x8E
140,-21.9603ms,0x00,0xED
141,-21.9539ms,0x00,0x32
142,-21.9021ms,0x00,0xB8
143,-21.8962ms,0x00,0x66
144,-21.8899ms,0x00,0x33
145,-21.8381ms,0x00,0x8E
146,-21.8323ms,0x00,0x74
147,-21.8259ms,0x00,0x34
148,-21.7735ms,0x00,0x80
149,-21.7676ms,0x00,0x26
150,-21.7612ms,0x00,0x30
151,-21.7099ms,0x00,0x80
152,-21.7041ms,0x00,0x07
153,-21.6977ms,0x00,0x31
154,-21.6459ms,0x00,0x8D
155,-21.6401ms,0x00,0x35
156,-21.6337ms,0x00,0x32
157,-21.5819ms,0x00,0xB3
158,-21.5760ms,0x00,0x78
159,-21.5696ms,0x00,0x33
160,-21.5178ms,0x00,0x8D
161,-21.5120ms,0x00,0x45
162,-21.5056ms,0x00,0x34
163,-21.4534ms,0x00,0x80
164,-21.4475ms,0x00,0x01
165,-21.4411ms,0x00,0x30
166,-21.3898ms,0x00,0x80
167,-21.3839ms,0x00,0x0D
168,-21.3775ms,0x00,0x31
169,-21.3257ms,0x00,0x8B
170,-21.3198ms,0x00,0xCD
171,-21.3134ms,0x00,0x32
172,-21.2617ms,0x00,0xAD
173,-21.2558ms,0x00,0x45
174,-21.2495ms,0x00,0x33
175,-21.1976ms,0x00,0x8B
176,-21.1918ms,0x00,0x6D
177,-21.1854ms,0x00,0x34
178,-21.1331ms,0x00,0x7F
179,-21.1272ms,0x00,0xF4
180,-21.1208ms,0x00,0x30
181,-21.0696ms,0x00,0x80
182,-21.0637ms,0x00,0x33
183,-21.0573ms,0x00,0x31
184,-21.0055ms,0x00,0x8A
185,-20.9997ms,0x00,0x6E
186,-20.9933ms,0x00,0x32
187,-20.9415ms,0x00,0xA7
188,-20.9356ms,0x00,0x93
189,-20.9292ms,0x00,0x33
190,-20.8775ms,0x00,0x8A
191,-20.8716ms,0x00,0xA2
192,-20.8652ms,0x00,0x34
193,-20.8129ms,0x00,0x80
194,-20.8071ms,0x00,0x27
195,-20.8007ms,0x00,0x30
196,-20.7493ms,0x00,0x80
197,-20.7435ms,0x00,0x05
198,-20.7371ms,0x00,0x31
199,-20.6855ms,0x00,0x88
200,-20.6796ms,0x00,0x6A
201,-20.6733ms,0x00,0x32
202,-20.6215ms,0x00,0xA0
203,-20.6156ms,0x00,0xE9
204,-20.6092ms,0x00,0x33
205,-20.5573ms,0x00,0x88
206,-20.5515ms,0x00,0xE4
207,-20.5451ms,0x00,0x34
208,-20.4927ms,0x00,0x80
209,-20.4868ms,0x00,0x03
210,-20.4804ms,0x00,0x30
211,-20.4291ms,0x00,0x80
212,-20.4232ms,0x00,0x33
213,-20.4168ms,0x00,0x31
214,-20.3651ms,0x00,0x87
215,-20.3592ms,0x00,0x03
216,-20.3528ms,0x00,0x32
217,-20.3011ms,0x00,0x9A
218,-20.2952ms,0x00,0x65
219,-20.2888ms,0x00,0x33
220,-20.2371ms,0x00,0x87
221,-20.2312ms,0x00,0x1F
222,-20.2248ms,0x00,0x34
223,-20.1725ms,0x00,0x7F
224,-20.1666ms,0x00,0xEA
225,-20.1603ms,0x00,0x30
226,-20.1090ms,0x00,0x80
227,-20.1031ms,0x00,0x10
228,-20.0968ms,0x00,0x31
229,-20.0450ms,0x00,0x85
230,-20.0391ms,0x00,0xB4
231,-20.0327ms,0x00,0x32
232,-19.9808ms,0x00,0x94
233,-19.9750ms,0x00,0x52
234,-19.9686ms,0x00,0x33
235,-19.9169ms,0x00,0x85
236,-19.9110ms,0x00,0x79
237,-19.9046ms,0x00,0x34
238,-19.8523ms,0x00,0x80
239,-19.8465ms,0x00,0x02
240,-19.8401ms,0x00,0x30
241,-19.7888ms,0x00,0x80
242,-19.7829ms,0x00,0x3C
243,-19.7765ms,0x00,0x31
244,-19.7248ms,0x00,0x84
245,-19.7189ms,0x00,0x6B
246,-19.7125ms,0x00,0x32
247,-19.6608ms,0x00,0x8F
248,-19.6549ms,0x00,0x34
249,-19.6485ms,0x00,0x33
250,-19.5966ms,0x00,0x84
251,-19.5907ms,0x00,0x72
252,-19.5844ms,0x00,0x34
253,-19.5321ms,0x00,0x80
254,-19.5263ms,0x00,0x30
255,-19.5199ms,0x00,0x30
256,-19.4686ms,0x00,0x80
257,-19.4627ms,0x00,0x28
258,-19.4563ms,0x00,0x31
259,-19.4045ms,0x00,0x83
260,-19.3986ms,0x00,0x82
261,-19.3922ms,0x00,0x32
262,-19.3405ms,0x00,0x8B
263,-19.3346ms,0x00,0xBE
264,-19.3282ms,0x00,0x33
265,-19.2765ms,0x00,0x83
266,-19.2706ms,0x00,0x56
267,-19.2642ms,0x00,0x34
268,-19.2119ms,0x00,0x80
269,-19.2060ms,0x00,0x0C
270,-19.1996ms,0x00,0x30
271,-19.1483ms,0x00,0x80
272,-19.1425ms,0x00,0x31
273,-19.1361ms,0x00,0x31
274,-19.0844ms,0x00,0x83
275,-19.0785ms,0x00,0x40
276,-19.0721ms,0x00,0x32
277,-19.0203ms,0x00,0x8A
278,-19.0144ms,0x00,0x89
279,-19.0080ms,0x00,0x33
280,-18.9563ms,0x00,0x83
281,-18.9504ms,0x00,0x31
282,-18.9440ms,0x00,0x34
283,-18.8918ms,0x00,0x7F
284,-18.8859ms,0x00,0xD9
285,-18.8795ms,0x00,0x30
286,-18.8282ms,0x00,0x80
287,-18.8223ms,0x00,0x1A
288,-18.8159ms,0x00,0x31
289,-18.7642ms,0x00,0x83
290,-18.7583ms,0x00,0x72
291,-18.7519ms,0x00,0x32
292,-18.7002ms,0x00,0x8C
293,-18.6943ms,0x00,0x65
294,-18.6879ms,0x00,0x33
295,-18.6360ms,0x00,0x83
296,-18.6302ms,0x00,0xD0
297,-18.6238ms,0x00,0x34
298,-18.5715ms,0x00,0x80
299,-18.5656ms,0x00,0x38
300,-18.5593ms,0x00,0x30
301,-18.5080ms,0x00,0x80
302,-18.5022ms,0x00,0x31
303,-18.4958ms,0x00,0x31
304,-18.4439ms,0x00,0x84
305,-18.4381ms,0x00,0xD0
306,-18.4317ms,0x00,0x32
307,-18.3799ms,0x00,0x91
308,-18.3740ms,0x00,0x46
309,-18.3677ms,0x00,0x33
310,-18.3159ms,0x00,0x85
311,-18.3101ms,0x00,0x01
312,-18.3037ms,0x00,0x34
313,-18.2513ms,0x00,0x80
314,-18.2455ms,0x00,0x2D
315,-18.2391ms,0x00,0x30
316,-18.1878ms,0x00,0x80
317,-18.1820ms,0x00,0x3A
318,-18.1756ms,0x00,0x31
319,-18.1238ms,0x00,0x86
320,-18.1179ms,0x00,0x6E
321,-18.1115ms,0x00,0x32
322,-18.0596ms,0x00,0x98
323,-18.0538ms,0x00,0x4E
324,-18.0474ms,0x00,0x33
325,-17.9957ms,0x00,0x86
326,-17.9898ms,0x00,0xEE
327,-17.9834ms,0x00,0x34
328,-17.9311ms,0x00,0x80
329,-17.9253ms,0x00,0x17
330,-17.9189ms,0x00,0x30
331,-17.8675ms,0x00,0x80
332,-17.8616ms,0x00,0x31
333,-17.8552ms,0x00,0x31
334,-17.8035ms,0x00,0x88
335,-17.7976ms,0x00,0x29
336,-17.7913ms,0x00,0x32
337,-17.7395ms,0x00,0xA0
338,-17.7336ms,0x00,0x0E
339,-17.7273ms,0x00,0x33
340,-17.6754ms,0x00,0x88
341,-17.6695ms,0x00,0xD8
342,-17.6631ms,0x00,0x34
343,-17.6109ms,0x00,0x7F
344,-17.6050ms,0x00,0xFB
345,-17.5987ms,0x00,0x30
346,-17.5474ms,0x00,0x80
347,-17.5415ms,0x00,0x28
348,-17.5351ms,0x00,0x31
349,-17.4833ms,0x00,0x8A
350,-17.4774ms,0x00,0x4F
351,-17.4710ms,0x00,0x32
352,-17.4193ms,0x00,0xA8
353,-17.4134ms,0x00,0x08
354,-17.4070ms,0x00,0x33
355,-17.3553ms,0x00,0x8A
356,-17.3494ms,0x00,0x64
357,-17.3430ms,0x00,0x34
358,-17.2907ms,0x00,0x80
359,-17.2848ms,0x00,0x12
360,-17.2784ms,0x00,0x30
361,-17.2271ms,0x00,0x80
362,-17.2213ms,0x00,0x08
363,-17.2149ms,0x00,0x31
364,-17.1631ms,0x00,0x8C
365,-17.1573ms,0x00,0x47
366,-17.1509ms,0x00,0x32
367,-17.0990ms,0x00,0xB0
368,-17.0932ms,0x00,0x73
369,-17.0868ms,0x00,0x33
370,-17.0350ms,0x00,0x8C
371,-17.0291ms,0x00,0xB7
372,-17.0228ms,0x00,0x34
373,-16.9705ms,0x00,0x80
374,-16.9647ms,0x00,0x06
375,-16.9583ms,0x00,0x30
376,-16.9070ms,0x00,0x80
377,-16.9011ms,0x00,0x14
378,-16.8947ms,0x00,0x31
379,-16.8429ms,0x00,0x8E
380,-16.8370ms,0x00,0x7F
381,-16.8307ms,0x00,0x32
382,-16.7789ms,0x00,0xB7
383,-16.7730ms,0x00,0xD3
384,-16.7667ms,0x00,0x33
385,-16.7148ms,0x00,0x8E
386,-16.7090ms,0x00,0x4C
387,-16.7026ms,0x00,0x34
388,-16.6503ms,0x00,0x80
389,-16.6444ms,0x00,0x16
390,-16.6380ms,0x00,0x30
391,-16.5868ms,0x00,0x80
392,-16.5809ms,0x00,0x27
393,-16.5745ms,0x00,0x31
394,-16.5227ms,0x00,0x90
395,-16.5168ms,0x00,0x29
396,-16.5104ms,0x00,0x32
397,-16.4587ms,0x00,0xBE
398,-16.4528ms,0x00,0xE1
399,-16.4464ms,0x00,0x33
400,-16.3947ms,0x00,0x90
401,-16.3888ms,0x00,0x38
402,-16.3824ms,0x00,0x34
403,-16.3300ms,0x00,0x7F
404,-16.3242ms,0x00,0xE7
405,-16.3178ms,0x00,0x30
406,-16.2665ms,0x00,0x7F
407,-16.2607ms,0x00,0xDC
408,-16.2543ms,0x00,0x31
409,-16.2026ms,0x00,0x92
410,-16.1967ms,0x00,0x0A
411,-16.1903ms,0x00,0x32
412,-16.1385ms,0x00,0xC8
413,-16.1326ms,0x00,0x47
414,-16.1262ms,0x00,0x33
415,-16.0744ms,0x00,0x92
416,-16.0686ms,0x00,0x4A
417,-16.0622ms,0x00,0x34
418,-16.0099ms,0x00,0x80
419,-16.0041ms,0x00,0x37
420,-15.9977ms,0x00,0x30
421,-15.9463ms,0x00,0x80
422,-15.9405ms,0x00,0x2D
423,-15.9341ms,0x00,0x31
424,-15.8823ms,0x00,0x93
425,-15.8764ms,0x00,0x54
426,-15.8701ms,0x00,0x32
427,-15.8183ms,0x00,0xD4
428,-15.8124ms,0x00,0x3F
429,-15.8061ms,0x00,0x33
430,-15.7542ms,0x00,0x97
431,-15.7483ms,0x00,0x5C
432,-15.7419ms,0x00,0x34
433,-15.6897ms,0x00,0x80
434,-15.6838ms,0x00,0x17
435,-15.6775ms,0x00,0x30
436,-15.6263ms,0x00,0x80
437,-15.6205ms,0x00,0x2B
438,-15.6141ms,0x00,0x31
439,-15.5623ms,0x00,0x93
440,-15.5564ms,0x00,0x13
441,-15.5500ms,0x00,0x32
442,-15.4981ms,0x00,0xC9
443,-15.4923ms,0x00,0x54
444,-15.4859ms,0x00,0x33
445,-15.4341ms,0x00,0x92
446,-15.4283ms,0x00,0x95
447,-15.4219ms,0x00,0x34
448,-15.3695ms,0x00,0x7F
449,-15.3637ms,0x00,0xEE
450,-15.3573ms,0x00,0x30
451,-15.3060ms,0x00,0x80
452,-15.3001ms,0x00,0x1B
453,-15.2937ms,0x00,0x31
454,-15.2420ms,0x00,0x92
455,-15.2361ms,0x00,0x92
456,-15.2297ms,0x00,0x32
457,-15.1779ms,0x00,0xC8
458,-15.1720ms,0x00,0xDD
459,-15.1656ms,0x00,0x33
460,-15.1138ms,0x00,0x92
461,-15.1079ms,0x00,0x9D
462,-15.1015ms,0x00,0x34
463,-15.0493ms,0x00,0x80
464,-15.0434ms,0x00,0x0B
465,-15.0371ms,0x00,0x30
466,-14.9857ms,0x00,0x80
467,-14.9799ms,0x00,0x2E
468,-14.9735ms,0x00,0x31
469,-14.9217ms,0x00,0x94
470,-14.9158ms,0x00,0x1E
471,-14.9095ms,0x00,0x32
472,-14.8577ms,0x00,0xD4
473,-14.8518ms,0x00,0xF0
474,-14.8455ms,0x00,0x33
475,-14.7936ms,0x00,0x97
476,-14.7878ms,0x00,0x70
477,-14.7814ms,0x00,0x34
478,-14.7291ms,0x00,0x80
479,-14.7232ms,0x00,0x10
480,-14.7168ms,0x00,0x30
481,-14.6656ms,0x00,0x80
482,-14.6597ms,0x00,0x26
483,-14.6534ms,0x00,0x31
484,-14.6015ms,0x00,0x92
485,-14.5956ms,0x00,0xAD
486,-14.5892ms,0x00,0x32
487,-14.5374ms,0x00,0xC9
488,-14.5316ms,0x00,0xE9
489,-14.5252ms,0x00,0x33
490,-14.4735ms,0x00,0x91
491,-14.4676ms,0x00,0xE6
492,-14.4612ms,0x00,0x34
493,-14.4089ms,0x00,0x80
494,-14.4030ms,0x00,0x18
495,-14.3966ms,0x00,0x30
496,-14.3453ms,0x00,0x80
497,-14.3395ms,0x00,0x24
498,-14.3331ms,0x00,0x31
499,-14.2814ms,0x00,0x90
500,-14.2755ms,0x00,0xF0
501,-14.2691ms,0x00,0x32
502,-14.2173ms,0x00,0xC0
503,-14.2114ms,0x00,0xBA
504,-14.2050ms,0x00,0x33
505,-14.1532ms,0x00,0x90
506,-14.1473ms,0x00,0x4D
507,-14.1410ms,0x00,0x34
508,-14.0889ms,0x00,0x80
509,-14.0830ms,0x00,0x26
510,-14.0766ms,0x00,0x30
511,-14.0253ms,0x00,0x80
512,-14.0194ms,0x00,0x1F
513,-14.0131ms,0x00,0x31
514,-13.9612ms,0x00,0x8E
515,-13.9553ms,0x00,0xF6
516,-13.9489ms,0x00,0x32
517,-13.8972ms,0x00,0xB9
518,-13.8913ms,0x00,0xF3
519,-13.8849ms,0x00,0x33
520,-13.8331ms,0x00,0x8E
521,-13.8272ms,0x00,0x75
522,-13.8208ms,0x00,0x34
523,-13.7685ms,0x00,0x80
524,-13.7626ms,0x00,0x02
525,-13.7563ms,0x00,0x30
526,-13.7050ms,0x00,0x80
527,-13.6991ms,0x00,0x2C
528,-13.6928ms,0x00,0x31
529,-13.6410ms,0x00,0x8D
530,-13.6351ms,0x00,0xBC
531,-13.6287ms,0x00,0x32
532,-13.5768ms,0x00,0xB3
533,-13.5710ms,0x00,0xE4
534,-13.5646ms,0x00,0x33
535,-13.5128ms,0x00,0x8D
536,-13.5070ms,0x00,0x49
537,-13.5006ms,0x00,0x34
538,-13.4483ms,0x00,0x80
539,-13.4425ms,0x00,0x2B
540,-13.4361ms,0x00,0x30
541,-13.3847ms,0x00,0x80
542,-13.3789ms,0x00,0x3B
543,-13.3725ms,0x00,0x31
544,-13.3207ms,0x00,0x8B
545,-13.3149ms,0x00,0x67
546,-13.3085ms,0x00,0x32
547,-13.2567ms,0x00,0xAB
548,-13.2508ms,0x00,0xDE
549,-13.2444ms,0x00,0x33
550,-13.1926ms,0x00,0x8B
551,-13.1867ms,0x00,0xAB
552,-13.1804ms,0x00,0x34
553,-13.1281ms,0x00,0x80
554,-13.1223ms,0x00,0x10
555,-13.1159ms,0x00,0x30
556,-13.0646ms,0x00,0x80
557,-13.0587ms,0x00,0x2D
558,-13.0523ms,0x00,0x31
559,-13.0004ms,0x00,0x89
560,-12.9946ms,0x00,0xA9
561,-12.9882ms,0x00,0x32
562,-12.9365ms,0x00,0xA4
563,-12.9307ms,0x00,0xE4
564,-12.9243ms,0x00,0x33
565,-12.8726ms,0x00,0x89
566,-12.8667ms,0x00,0xB0
567,-12.8603ms,0x00,0x34
568,-12.8079ms,0x00,0x80
569,-12.8021ms,0x00,0x0C
570,-12.7957ms,0x00,0x30
571,-12.7444ms,0x00,0x80
572,-12.7385ms,0x00,0x27
573,-12.7322ms,0x00,0x31
574,-12.6804ms,0x00,0x87
575,-12.6745ms,0x00,0xAB
576,-12.6681ms,0x00,0x32
577,-12.6162ms,0x00,0x9D
578,-12.6104ms,0x00,0xCA
579,-12.6040ms,0x00,0x33
580,-12.5522ms,0x00,0x88
581,-12.5463ms,0x00,0x25
582,-12.5400ms,0x00,0x34
583,-12.4877ms,0x00,0x80
584,-12.4819ms,0x00,0x40
585,-12.4755ms,0x00,0x30
586,-12.4242ms,0x00,0x80
587,-12.4184ms,0x00,0x2B
588,-12.4120ms,0x00,0x31
589,-12.3603ms,0x00,0x86
590,-12.3544ms,0x00,0x3D
591,-12.3480ms,0x00,0x32
592,-12.2961ms,0x00,0x97
593,-12.2902ms,0x00,0x24
594,-12.2839ms,0x00,0x33
595,-12.2320ms,0x00,0x86
596,-12.2261ms,0x00,0x4E
597,-12.2198ms,0x00,0x34
598,-12.1675ms,0x00,0x80
599,-12.1616ms,0x00,0x25
600,-12.1553ms,0x00,0x30
601,-12.1040ms,0x00,0x80
602,-12.0982ms,0x00,0x34
603,-12.0918ms,0x00,0x31
604,-12.0399ms,0x00,0x84
605,-12.0341ms,0x00,0xCF
606,-12.0277ms,0x00,0x32
607,-11.9759ms,0x00,0x90
608,-11.9700ms,0x00,0xBF
609,-11.9637ms,0x00,0x33
610,-11.9119ms,0x00,0x84
611,-11.9060ms,0x00,0xB7
612,-11.8996ms,0x00,0x34
613,-11.8473ms,0x00,0x7F
614,-11.8414ms,0x00,0xDC
615,-11.8351ms,0x00,0x30
616,-11.7838ms,0x00,0x80
617,-11.7779ms,0x00,0x1D
618,-11.7715ms,0x00,0x31
619,-11.7197ms,0x00,0x83
620,-11.7139ms,0x00,0x99
621,-11.7075ms,0x00,0x32
622,-11.6556ms,0x00,0x8C
623,-11.6498ms,0x00,0x14
624,-11.6434ms,0x00,0x33
625,-11.5916ms,0x00,0x83
626,-11.5858ms,0x00,0x87
627,-11.5794ms,0x00,0x34
628,-11.5271ms,0x00,0x80
629,-11.5213ms,0x00,0x13
630,-11.5149ms,0x00,0x30
631,-11.4636ms,0x00,0x80
632,-11.4577ms,0x00,0x29
633,-11.4513ms,0x00,0x31
634,-11.3995ms,0x00,0x82
635,-11.3937ms,0x00,0xF9
636,-11.3873ms,0x00,0x32
637,-11.3355ms,0x00,0x8A
638,-11.3296ms,0x00,0x57
639,-11.3232ms,0x00,0x33
640,-11.2714ms,0x00,0x83
641,-11.2655ms,0x00,0x24
642,-11.2591ms,0x00,0x34
643,-11.2069ms,0x00,0x80
644,-11.2010ms,0x00,0x18
645,-11.1946ms,0x00,0x30
646,-11.1434ms,0x00,0x80
647,-11.1375ms,0x00,0x35
648,-11.1311ms,0x00,0x31
649,-11.0794ms,0x00,0x83
650,-11.0735ms,0x00,0x69
651,-11.0671ms,0x00,0x32
652,-11.0154ms,0x00,0x8B
653,-11.0095ms,0x00,0x61
654,-11.0032ms,0x00,0x33
655,-10.9513ms,0x00,0x83
656,-10.9455ms,0x00,0x6A
657,-10.9391ms,0x00,0x34
658,-10.8867ms,0x00,0x80
659,-10.8808ms,0x00,0x1B
660,-10.8744ms,0x00,0x30
661,-10.8232ms,0x00,0x80
662,-10.8173ms,0x00,0x1B
663,-10.8109ms,0x00,0x31
664,-10.7592ms,0x00,0x84
665,-10.7533ms,0x00,0x3C
666,-10.7469ms,0x00,0x32
667,-10.6951ms,0x00,0x8F
668,-10.6892ms,0x00,0xD3
669,-10.6828ms,0x00,0x33
670,-10.6311ms,0x00,0x84
671,-10.6252ms,0x00,0x9F
672,-10.6188ms,0x00,0x34
673,-10.5666ms,0x00,0x80
674,-10.5607ms,0x00,0x07
675,-10.5543ms,0x00,0x30
676,-10.5029ms,0x00,0x80
677,-10.4971ms,0x00,0x19
678,-10.4907ms,0x00,0x31
679,-10.4389ms,0x00,0x85
680,-10.4330ms,0x00,0xBA
681,-10.4266ms,0x00,0x32
682,-10.3749ms,0x00,0x96
683,-10.3690ms,0x00,0x64
684,-10.3626ms,0x00,0x33
685,-10.3109ms,0x00,0x86
686,-10.3050ms,0x00,0x2D
687,-10.2986ms,0x00,0x34
688,-10.2464ms,0x00,0x80
689,-10.2405ms,0x00,0x12
690,-10.2342ms,0x00,0x30
691,-10.1829ms,0x00,0x80
692,-10.1770ms,0x00,0x23
693,-10.1706ms,0x00,0x31
694,-10.1187ms,0x00,0x87
695,-10.1129ms,0x00,0xC0
696,-10.1065ms,0x00,0x32
697,-10.0546ms,0x00,0x9E
698,-10.0488ms,0x00,0xA6
699,-10.0424ms,0x00,0x33
700,-9.99065ms,0x00,0x88
701,-9.98478ms,0x00,0x98
702,-9.97840ms,0x00,0x34
703,-9.92603ms,0x00,0x80
704,-9.92016ms,0x00,0x09
705,-9.91379ms,0x00,0x30
706,-9.86252ms,0x00,0x80
707,-9.85667ms,0x00,0x02
708,-9.85028ms,0x00,0x31
709,-9.79854ms,0x00,0x89
710,-9.79267ms,0x00,0xB7
711,-9.78630ms,0x00,0x32
712,-9.73449ms,0x00,0xA6
713,-9.72860ms,0x00,0xD9
714,-9.72221ms,0x00,0x33
715,-9.67043ms,0x00,0x8A
716,-9.66456ms,0x00,0x9D
717,-9.65819ms,0x00,0x34
718,-9.60595ms,0x00,0x80
719,-9.60008ms,0x00,0x1C
720,-9.59371ms,0x00,0x30
721,-9.54235ms,0x00,0x80
722,-9.53648ms,0x00,0x32
723,-9.53008ms,0x00,0x31
724,-9.47830ms,0x00,0x8C
725,-9.47244ms,0x00,0x28
726,-9.46606ms,0x00,0x32
727,-9.41432ms,0x00,0xAF
728,-9.40845ms,0x00,0x33
729,-9.40208ms,0x00,0x33
730,-9.35022ms,0x00,0x8C
731,-9.34434ms,0x00,0x55
732,-9.33795ms,0x00,0x34
733,-9.28564ms,0x00,0x80
734,-9.27976ms,0x00,0x11
735,-9.27339ms,0x00,0x30
736,-9.22214ms,0x00,0x80
737,-9.21627ms,0x00,0x21
738,-9.20990ms,0x00,0x31
739,-9.15809ms,0x00,0x8E
740,-9.15222ms,0x00,0x12
741,-9.14582ms,0x00,0x32
742,-9.09403ms,0x00,0xB7
743,-9.08816ms,0x00,0x14
744,-9.08177ms,0x00,0x33
745,-9.03003ms,0x00,0x8E
746,-9.02416ms,0x00,0x24
747,-9.01779ms,0x00,0x34
748,-8.96545ms,0x00,0x80
749,-8.95958ms,0x00,0x23
750,-8.95318ms,0x00,0x30
751,-8.90192ms,0x00,0x80
752,-8.89604ms,0x00,0x2D
753,-8.88966ms,0x00,0x31
754,-8.83792ms,0x00,0x90
755,-8.83206ms,0x00,0x48
756,-8.82568ms,0x00,0x32
757,-8.77390ms,0x00,0xBD
758,-8.76803ms,0x00,0xCB
759,-8.76163ms,0x00,0x33
760,-8.70980ms,0x00,0x8F
761,-8.70395ms,0x00,0xA7
762,-8.69756ms,0x00,0x34
763,-8.64532ms,0x00,0x7F
764,-8.63945ms,0x00,0xED
765,-8.63308ms,0x00,0x30
766,-8.58177ms,0x00,0x80
767,-8.57590ms,0x00,0x0E
768,-8.56950ms,0x00,0x31
769,-8.51768ms,0x00,0x90
770,-8.51182ms,0x00,0x98
771,-8.50544ms,0x00,0x32
772,-8.45369ms,0x00,0xC1
773,-8.44782ms,0x00,0x68
774,-8.44145ms,0x00,0x33
775,-8.38963ms,0x00,0x90
776,-8.38376ms,0x00,0xC0
777,-8.37736ms,0x00,0x34
778,-8.32507ms,0x00,0x80
779,-8.31920ms,0x00,0x0B
780,-8.31283ms,0x00,0x30
781,-8.26158ms,0x00,0x80
782,-8.25571ms,0x00,0x24
783,-8.24934ms,0x00,0x31
784,-8.19750ms,0x00,0x94
785,-8.19161ms,0x00,0x2C
786,-8.18523ms,0x00,0x32
787,-8.13339ms,0x00,0xD5
788,-8.12752ms,0x00,0x31
789,-8.12115ms,0x00,0x33
790,-8.06952ms,0x00,0x97
791,-8.06366ms,0x00,0x59
792,-8.05729ms,0x00,0x34
793,-8.00500ms,0x00,0x80
794,-7.99912ms,0x00,0x0D
795,-7.99273ms,0x00,0x30
796,-7.94136ms,0x00,0x80
797,-7.93548ms,0x00,0x04
798,-7.92910ms,0x00,0x31
799,-7.87735ms,0x00,0x93
800,-7.87148ms,0x00,0x0E
801,-7.86510ms,0x00,0x32
802,-7.81329ms,0x00,0xD4
803,-7.80741ms,0x00,0x11
804,-7.80102ms,0x00,0x33
805,-7.74916ms,0x00,0x97
806,-7.74331ms,0x00,0x6F
807,-7.73694ms,0x00,0x34
808,-7.68483ms,0x00,0x80
809,-7.67897ms,0x00,0x13
810,-7.67260ms,0x00,0x30
811,-7.62129ms,0x00,0x80
812,-7.61542ms,0x00,0x17
813,-7.60902ms,0x00,0x31
814,-7.55716ms,0x00,0x94
815,-7.55129ms,0x00,0x71
816,-7.54489ms,0x00,0x32
817,-7.49313ms,0x00,0xD5
818,-7.48726ms,0x00,0x7E
819,-7.48089ms,0x00,0x33
820,-7.42910ms,0x00,0x97
821,-7.42323ms,0x00,0x8B
822,-7.41684ms,0x00,0x34
823,-7.36448ms,0x00,0x80
824,-7.35859ms,0x00,0x26
825,-7.35222ms,0x00,0x30
826,-7.30097ms,0x00,0x80
827,-7.29510ms,0x00,0x28
828,-7.28872ms,0x00,0x31
829,-7.23691ms,0x00,0x94
830,-7.23104ms,0x00,0x2D
831,-7.22464ms,0x00,0x32
832,-7.17278ms,0x00,0xD5
833,-7.16692ms,0x00,0x6A
834,-7.16056ms,0x00,0x33
835,-7.10892ms,0x00,0x97
836,-7.10308ms,0x00,0x70
837,-7.09672ms,0x00,0x34
838,-7.04449ms,0x00,0x80
839,-7.03862ms,0x00,0x0E
840,-7.03223ms,0x00,0x30
841,-6.98086ms,0x00,0x80
842,-6.97499ms,0x00,0x33
843,-6.96859ms,0x00,0x31
844,-6.91675ms,0x00,0x93
845,-6.91088ms,0x00,0x0E
846,-6.90451ms,0x00,0x32
847,-6.85273ms,0x00,0xC8
848,-6.84686ms,0x00,0x4C
849,-6.84046ms,0x00,0x33
850,-6.78859ms,0x00,0x91
851,-6.78272ms,0x00,0xBF
852,-6.77632ms,0x00,0x34
853,-6.72413ms,0x00,0x80
854,-6.71827ms,0x00,0x31
855,-6.71192ms,0x00,0x30
856,-6.66073ms,0x00,0x80
857,-6.65488ms,0x00,0x29
858,-6.64849ms,0x00,0x31
859,-6.59662ms,0x00,0x91
860,-6.59075ms,0x00,0x5D
861,-6.58435ms,0x00,0x32
862,-6.53254ms,0x00,0xC0
863,-6.52668ms,0x00,0xF4
864,-6.52030ms,0x00,0x33
865,-6.46856ms,0x00,0x90
866,-6.46268ms,0x00,0x14
867,-6.45628ms,0x00,0x34
868,-6.40384ms,0x00,0x80
869,-6.39795ms,0x00,0x2A
870,-6.39153ms,0x00,0x30
871,-6.34024ms,0x00,0x80
872,-6.33436ms,0x00,0x2F
873,-6.32800ms,0x00,0x31
874,-6.27625ms,0x00,0x8F
875,-6.27038ms,0x00,0x28
876,-6.26401ms,0x00,0x32
877,-6.21217ms,0x00,0xBA
878,-6.20628ms,0x00,0x2E
879,-6.19990ms,0x00,0x33
880,-6.14824ms,0x00,0x8E
881,-6.14240ms,0x00,0xEB
882,-6.13603ms,0x00,0x34
883,-6.08388ms,0x00,0x80
884,-6.07800ms,0x00,0x12
885,-6.07163ms,0x00,0x30
886,-6.02027ms,0x00,0x80
887,-6.01440ms,0x00,0x1C
888,-6.00800ms,0x00,0x31
889,-5.95614ms,0x00,0x8D
890,-5.95025ms,0x00,0x7D
891,-5.94388ms,0x00,0x32
892,-5.89214ms,0x00,0xB3
893,-5.88628ms,0x00,0xD7
894,-5.87988ms,0x00,0x33
895,-5.82803ms,0x00,0x8D
896,-5.82216ms,0x00,0x46
897,-5.81576ms,0x00,0x34
898,-5.76349ms,0x00,0x7F
899,-5.75761ms,0x00,0xFF
900,-5.75124ms,0x00,0x30
901,-5.70001ms,0x00,0x80
902,-5.69414ms,0x00,0x39
903,-5.68777ms,0x00,0x31
904,-5.63593ms,0x00,0x8B
905,-5.63006ms,0x00,0xBF
906,-5.62368ms,0x00,0x32
907,-5.57184ms,0x00,0xAC
908,-5.56598ms,0x00,0x85
909,-5.55960ms,0x00,0x33
910,-5.50787ms,0x00,0x8B
911,-5.50200ms,0x00,0xA4
912,-5.49561ms,0x00,0x34
913,-5.44327ms,0x00,0x80
914,-5.43739ms,0x00,0x28
915,-5.43100ms,0x00,0x30
916,-5.37969ms,0x00,0x80
917,-5.37384ms,0x00,0x20
918,-5.36745ms,0x00,0x31
919,-5.31572ms,0x00,0x89
920,-5.30985ms,0x00,0x8B
921,-5.30348ms,0x00,0x32
922,-5.25168ms,0x00,0xA5
923,-5.24580ms,0x00,0x27
924,-5.23942ms,0x00,0x33
925,-5.18761ms,0x00,0x89
926,-5.18176ms,0x00,0x9F
927,-5.17537ms,0x00,0x34
928,-5.12315ms,0x00,0x80
929,-5.11728ms,0x00,0x0E
930,-5.11091ms,0x00,0x30
931,-5.05958ms,0x00,0x80
932,-5.05369ms,0x00,0x2F
933,-5.04731ms,0x00,0x31
934,-4.99546ms,0x00,0x88
935,-4.98960ms,0x00,0x3E
936,-4.98321ms,0x00,0x32
937,-4.93147ms,0x00,0x9E
938,-4.92561ms,0x00,0x9C
939,-4.91923ms,0x00,0x33
940,-4.86745ms,0x00,0x88
941,-4.86158ms,0x00,0x81
942,-4.85518ms,0x00,0x34
943,-4.80288ms,0x00,0x80
944,-4.79700ms,0x00,0x03
945,-4.79064ms,0x00,0x30
946,-4.73938ms,0x00,0x80
947,-4.73352ms,0x00,0x23
948,-4.72713ms,0x00,0x31
949,-4.67534ms,0x00,0x86
950,-4.66945ms,0x00,0x4C
951,-4.66307ms,0x00,0x32
952,-4.61120ms,0x00,0x97
953,-4.60532ms,0x00,0x5C
954,-4.59894ms,0x00,0x33
955,-4.54720ms,0x00,0x86
956,-4.54134ms,0x00,0x94
957,-4.53496ms,0x00,0x34
958,-4.48270ms,0x00,0x80
959,-4.47683ms,0x00,0x24
960,-4.47043ms,0x00,0x30
961,-4.41908ms,0x00,0x80
962,-4.41322ms,0x00,0x14
963,-4.40684ms,0x00,0x31
964,-4.35510ms,0x00,0x84
965,-4.34923ms,0x00,0xEB
966,-4.34286ms,0x00,0x32
967,-4.29110ms,0x00,0x91
968,-4.28523ms,0x00,0x4C
969,-4.27883ms,0x00,0x33
970,-4.22699ms,0x00,0x85
971,-4.22112ms,0x00,0x09
972,-4.21475ms,0x00,0x34
973,-4.16251ms,0x00,0x80
974,-4.15664ms,0x00,0x13
975,-4.15027ms,0x00,0x30
976,-4.09896ms,0x00,0x80
977,-4.09308ms,0x00,0x28
978,-4.08669ms,0x00,0x31
979,-4.03483ms,0x00,0x83
980,-4.02896ms,0x00,0x9A
981,-4.02257ms,0x00,0x32
982,-3.97081ms,0x00,0x8C
983,-3.96496ms,0x00,0x66
984,-3.95857ms,0x00,0x33
985,-3.90683ms,0x00,0x83
986,-3.90097ms,0x00,0x84
987,-3.89459ms,0x00,0x34
988,-3.84235ms,0x00,0x80
989,-3.83648ms,0x00,0x09
990,-3.83011ms,0x00,0x30
991,-3.77886ms,0x00,0x80
992,-3.77299ms,0x00,0x26
993,-3.76662ms,0x00,0x31
994,-3.71478ms,0x00,0x82
995,-3.70891ms,0x00,0xF0
996,-3.70251ms,0x00,0x32
997,-3.65064ms,0x00,0x8A
998,-3.64476ms,0x00,0x62
999,-3.63836ms,0x00,0x33
1000,-3.58660ms,0x00,0x83
1001,-3.58073ms,0x00,0x08
1002,-3.57436ms,0x00,0x34
1003,-3.52212ms,0x00,0x7F
1004,-3.51625ms,0x00,0xFF
1005,-3.50988ms,0x00,0x30
1006,-3.45851ms,0x00,0x80
1007,-3.45263ms,0x00,0x2A
1008,-3.44624ms,0x00,0x31
1009,-3.39449ms,0x00,0x83
1010,-3.38864ms,0x00,0x53
1011,-3.38225ms,0x00,0x32
1012,-3.33051ms,0x00,0x8A
1013,-3.32465ms,0x00,0xDC
1014,-3.31825ms,0x00,0x33
1015,-3.26640ms,0x00,0x83
1016,-3.26051ms,0x00,0x50
1017,-3.25414ms,0x00,0x34
1018,-3.20190ms,0x00,0x80
1019,-3.19603ms,0x00,0x0F
1020,-3.18966ms,0x00,0x30
1021,-3.13841ms,0x00,0x80
1022,-3.13254ms,0x00,0x42
1023,-3.12616ms,0x00,0x31
1024,-3.07432ms,0x00,0x83
1025,-3.06844ms,0x00,0xF2
1026,-3.06204ms,0x00,0x32
1027,-3.01028ms,0x00,0x8E
1028,-3.00441ms,0x00,0x3C
1029,-2.99803ms,0x00,0x33
1030,-2.94628ms,0x00,0x84
1031,-2.94043ms,0x00,0x41
1032,-2.93404ms,0x00,0x34
1033,-2.88169ms,0x00,0x7F
1034,-2.87582ms,0x00,0xF2
1035,-2.86942ms,0x00,0x30
1036,-2.81811ms,0x00,0x80
1037,-2.81224ms,0x00,0x12
1038,-2.80587ms,0x00,0x31
1039,-2.75412ms,0x00,0x85
1040,-2.74825ms,0x00,0x5F
1041,-2.74188ms,0x00,0x32
1042,-2.69009ms,0x00,0x93
1043,-2.68420ms,0x00,0xEA
1044,-2.67782ms,0x00,0x33
1045,-2.62601ms,0x00,0x85
1046,-2.62016ms,0x00,0xA3
1047,-2.61377ms,0x00,0x34
1048,-2.56155ms,0x00,0x80
1049,-2.55567ms,0x00,0x1C
1050,-2.54931ms,0x00,0x30
1051,-2.49796ms,0x00,0x80
1052,-2.49209ms,0x00,0x2A
1053,-2.48570ms,0x00,0x31
1054,-2.43393ms,0x00,0x86
1055,-2.42808ms,0x00,0xD8
1056,-2.42169ms,0x00,0x32
1057,-2.36993ms,0x00,0x9A
1058,-2.36406ms,0x00,0x96
1059,-2.35766ms,0x00,0x33
1060,-2.30580ms,0x00,0x87
1061,-2.29993ms,0x00,0x78
1062,-2.29353ms,0x00,0x34
1063,-2.24128ms,0x00,0x80
1064,-2.23540ms,0x00,0x32
1065,-2.22904ms,0x00,0x30
1066,-2.17779ms,0x00,0x80
1067,-2.17193ms,0x00,0x31
1068,-2.16555ms,0x00,0x31
1069,-2.11369ms,0x00,0x88
1070,-2.10782ms,0x00,0xA5
1071,-2.10142ms,0x00,0x32
1072,-2.04961ms,0x00,0xA1
1073,-2.04376ms,0x00,0xAC
1074,-2.03737ms,0x00,0x33
1075,-1.98564ms,0x00,0x89
1076,-1.97977ms,0x00,0x0C
1077,-1.97340ms,0x00,0x34
1078,-1.92109ms,0x00,0x80
1079,-1.91521ms,0x00,0x31
1080,-1.90883ms,0x00,0x30
1081,-1.85755ms,0x00,0x80
1082,-1.85169ms,0x00,0x32
1083,-1.84531ms,0x00,0x31
1084,-1.79357ms,0x00,0x8A
1085,-1.78771ms,0x00,0x4E
1086,-1.78132ms,0x00,0x32
1087,-1.72950ms,0x00,0xA8
1088,-1.72363ms,0x00,0x3B
1089,-1.71723ms,0x00,0x33
1090,-1.66540ms,0x00,0x8A
1091,-1.65953ms,0x00,0x7F
1092,-1.65315ms,0x00,0x34
1093,-1.60092ms,0x00,0x80
1094,-1.59505ms,0x00,0x01
1095,-1.58868ms,0x00,0x30
1096,-1.53732ms,0x00,0x80
1097,-1.53144ms,0x00,0x29
1098,-1.52505ms,0x00,0x31
1099,-1.47324ms,0x00,0x8B
1100,-1.46738ms,0x00,0xC3
1101,-1.46100ms,0x00,0x32
1102,-1.40926ms,0x00,0xAE
1103,-1.40340ms,0x00,0x39
1104,-1.39702ms,0x00,0x33
1105,-1.34523ms,0x00,0x8B
1106,-1.33936ms,0x00,0xD7
1107,-1.33296ms,0x00,0x34
1108,-1.28067ms,0x00,0x80
1109,-1.27480ms,0x00,0x05
1110,-1.26843ms,0x00,0x30
1111,-1.21718ms,0x00,0x80
1112,-1.21132ms,0x00,0x1F
1113,-1.20494ms,0x00,0x31
1114,-1.15312ms,0x00,0x8D
1115,-1.14724ms,0x00,0x34
1116,-1.14084ms,0x00,0x32
1117,-1.08901ms,0x00,0xB3
1118,-1.08315ms,0x00,0xF6
1119,-1.07676ms,0x00,0x33
1120,-1.02504ms,0x00,0x8D
1121,-1.01916ms,0x00,0x77
1122,-1.01280ms,0x00,0x34
1123,-960.524us,0x00,0x7F
1124,-954.636us,0x00,0xF6
1125,-948.252us,0x00,0x30
1126,-896.924us,0x00,0x80
1127,-891.068us,0x00,0x11
1128,-884.684us,0x00,0x31
1129,-832.940us,0x00,0x8E
1130,-827.084us,0x00,0x3A
1131,-820.700us,0x00,0x32
1132,-768.892us,0x00,0xB8
1133,-763.020us,0x00,0x95
1134,-756.620us,0x00,0x33
1135,-704.764us,0x00,0x8E
1136,-698.884us,0x00,0xBD
1137,-692.508us,0x00,0x34
1138,-640.268us,0x00,0x80
1139,-634.396us,0x00,0x2C
1140,-628.028us,0x00,0x30
1141,-576.764us,0x00,0x80
1142,-570.892us,0x00,0x24
1143,-564.492us,0x00,0x31
1144,-512.652us,0x00,0x8E
1145,-506.780us,0x00,0xCE
1146,-500.396us,0x00,0x32
1147,-448.652us,0x00,0xBA
1148,-442.796us,0x00,0x92
1149,-436.412us,0x00,0x33
1150,-384.652us,0x00,0x8F
1151,-378.764us,0x00,0x13
1152,-372.380us,0x00,0x34
1153,-320.044us,0x00,0x80
1154,-314.172us,0x00,0x22
1155,-307.804us,0x00,0x30
1156,-256.548us,0x00,0x80
1157,-250.684us,0x00,0x42
1158,-244.300us,0x00,0x31
1159,-192.508us,0x00,0x8F
1160,-186.636us,0x00,0xF0
1161,-180.236us,0x00,0x32
1162,-128.380us,0x00,0xBC
1163,-122.508us,0x00,0x83
1164,-116.124us,0x00,0x33
1165,-64.3803us,0x00,0x8F
1166,-58.5083us,0x00,0x66
1167,-52.1243us,0x00,0x34
1168,99.6726ns,0x00,0x80
1169,5.97167us,0x00,0x03
1170,12.3397us,0x00,0x30
1171,63.6037us,0x00,0x80
1172,69.4597us,0x00,0x0B
1173,75.8437us,0x00,0x31
1174,127.588us,0x00,0x8F
1175,133.444us,0x00,0x67
1176,139.828us,0x00,0x32
1177,191.668us,0x00,0xBC
1178,197.540us,0x00,0x5A
1179,203.940us,0x00,0x33
1180,255.796us,0x00,0x8F
1181,261.684us,0x00,0x49
1182,268.068us,0x00,0x34
1183,320.324us,0x00,0x80
1184,326.196us,0x00,0x05
1185,332.564us,0x00,0x30
1186,383.820us,0x00,0x80
1187,389.684us,0x00,0x2C
1188,396.068us,0x00,0x31
1189,447.924us,0x00,0x8F
1190,453.796us,0x00,0x3F
1191,460.188us,0x00,0x32
1192,511.924us,0x00,0xBA
1193,517.796us,0x00,0xC7
1194,524.180us,0x00,0x33
1195,575.924us,0x00,0x8F
1196,581.780us,0x00,0x2F
1197,588.164us,0x00,0x34
1198,640.532us,0x00,0x80
1199,646.404us,0x00,0x1B
1200,652.772us,0x00,0x30
1201,704.028us,0x00,0x80
1202,709.892us,0x00,0x2E
1203,716.276us,0x00,0x31
1204,768.020us,0x00,0x8E
1205,773.892us,0x00,0x67
1206,780.292us,0x00,0x32
1207,832.164us,0x00,0xB8
1208,838.036us,0x00,0x2A
1209,844.436us,0x00,0x33
1210,896.196us,0x00,0x8E
1211,902.068us,0x00,0xB7
1212,908.444us,0x00,0x34
1213,960.676us,0x00,0x80
1214,966.548us,0x00,0x4A
1215,972.916us,0x00,0x30
1216,1.02428ms,0x00,0x80
1217,1.03015ms,0x00,0x2F
1218,1.03655ms,0x00,0x31
1219,1.08828ms,0x00,0x8D
1220,1.09415ms,0x00,0x7A
1221,1.10053ms,0x00,0x32
1222,1.15227ms,0x00,0xB3
1223,1.15813ms,0x00,0xD3
1224,1.16452ms,0x00,0x33
1225,1.21639ms,0x00,0x8D
1226,1.22226ms,0x00,0x91
1227,1.22866ms,0x00,0x34
1228,1.28095ms,0x00,0x80
1229,1.28682ms,0x00,0x31
1230,1.29319ms,0x00,0x30
1231,1.34445ms,0x00,0x80
1232,1.35031ms,0x00,0x2E
1233,1.35669ms,0x00,0x31
1234,1.40852ms,0x00,0x8C
1235,1.41439ms,0x00,0x49
1236,1.42079ms,0x00,0x32
1237,1.47256ms,0x00,0xAE
1238,1.47843ms,0x00,0xFC
1239,1.48480ms,0x00,0x33
1240,1.53655ms,0x00,0x8C
1241,1.54242ms,0x00,0x2C
1242,1.54879ms,0x00,0x34
1243,1.60114ms,0x00,0x80
1244,1.60701ms,0x00,0x18
1245,1.61341ms,0x00,0x30
1246,1.66466ms,0x00,0x80
1247,1.67053ms,0x00,0x22
1248,1.67691ms,0x00,0x31
1249,1.72864ms,0x00,0x8A
1250,1.73452ms,0x00,0xC3
1251,1.74090ms,0x00,0x32
1252,1.79276ms,0x00,0xA9
1253,1.79863ms,0x00,0x63
1254,1.80503ms,0x00,0x33
1255,1.85684ms,0x00,0x8A
1256,1.86271ms,0x00,0xAA
1257,1.86908ms,0x00,0x34
1258,1.92132ms,0x00,0x80
1259,1.92719ms,0x00,0x0F
1260,1.93356ms,0x00,0x30
1261,1.98487ms,0x00,0x80
1262,1.99074ms,0x00,0x24
1263,1.99714ms,0x00,0x31
1264,2.04892ms,0x00,0x89
1265,2.05479ms,0x00,0x3D
1266,2.06116ms,0x00,0x32
1267,2.11290ms,0x00,0xA4
1268,2.11877ms,0x00,0x42
1269,2.12514ms,0x00,0x33
1270,2.17698ms,0x00,0x89
1271,2.18285ms,0x00,0xCE
1272,2.18925ms,0x00,0x34
1273,2.24152ms,0x00,0x7F
1274,2.24740ms,0x00,0xF3
1275,2.25376ms,0x00,0x30
1276,2.30501ms,0x00,0x80
1277,2.31088ms,0x00,0x04
1278,2.31725ms,0x00,0x31
1279,2.36911ms,0x00,0x87
1280,2.37498ms,0x00,0xF3
1281,2.38138ms,0x00,0x32
1282,2.43319ms,0x00,0x9E
1283,2.43906ms,0x00,0x8F
1284,2.44544ms,0x00,0x33
1285,2.49719ms,0x00,0x88
1286,2.50304ms,0x00,0x1D
1287,2.50943ms,0x00,0x34
1288,2.56173ms,0x00,0x7F
1289,2.56760ms,0x00,0xCE
1290,2.57400ms,0x00,0x30
1291,2.62530ms,0x00,0x80
1292,2.63117ms,0x00,0x06
1293,2.63754ms,0x00,0x31
1294,2.68928ms,0x00,0x86
1295,2.69516ms,0x00,0x45
1296,2.70152ms,0x00,0x32
1297,2.75336ms,0x00,0x98
1298,2.75924ms,0x00,0xA8
1299,2.76563ms,0x00,0x33
1300,2.81740ms,0x00,0x87
1301,2.82327ms,0x00,0x08
1302,2.82964ms,0x00,0x34
1303,2.88187ms,0x00,0x80
1304,2.88775ms,0x00,0x30
1305,2.89412ms,0x00,0x30
1306,2.94546ms,0x00,0x80
1307,2.95133ms,0x00,0x33
1308,2.95773ms,0x00,0x31
1309,3.00954ms,0x00,0x85
1310,3.01541ms,0x00,0x59
1311,3.02178ms,0x00,0x32
1312,3.07352ms,0x00,0x93
1313,3.07939ms,0x00,0x45
1314,3.08576ms,0x00,0x33
1315,3.13756ms,0x00,0x85
1316,3.14343ms,0x00,0x80
1317,3.14983ms,0x00,0x34
1318,3.20212ms,0x00,0x80
1319,3.20800ms,0x00,0x25
1320,3.21437ms,0x00,0x30
1321,3.26560ms,0x00,0x80
1322,3.27148ms,0x00,0x26
1323,3.27786ms,0x00,0x31
1324,3.32967ms,0x00,0x84
1325,3.33554ms,0x00,0x34
1326,3.34194ms,0x00,0x32
1327,3.39378ms,0x00,0x8F
1328,3.39964ms,0x00,0x62
1329,3.40602ms,0x00,0x33
1330,3.45775ms,0x00,0x84
1331,3.46362ms,0x00,0xA3
1332,3.46999ms,0x00,0x34
1333,3.52234ms,0x00,0x80
1334,3.52821ms,0x00,0x21
1335,3.53461ms,0x00,0x30
1336,3.58594ms,0x00,0x80
1337,3.59180ms,0x00,0x29
1338,3.59818ms,0x00,0x31
1339,3.64991ms,0x00,0x83
1340,3.65578ms,0x00,0x99
1341,3.66216ms,0x00,0x32
1342,3.71389ms,0x00,0x8D
1343,3.71976ms,0x00,0x9C
1344,3.72613ms,0x00,0x33
1345,3.77788ms,0x00,0x84
1346,3.78375ms,0x00,0x2A
1347,3.79012ms,0x00,0x34
1348,3.84244ms,0x00,0x80
1349,3.84831ms,0x00,0x37
1350,3.85471ms,0x00,0x30
1351,3.90607ms,0x00,0x80
1352,3.91194ms,0x00,0x43
1353,3.91834ms,0x00,0x31
1354,3.97013ms,0x00,0x84
1355,3.97599ms,0x00,0x42
1356,3.98237ms,0x00,0x32
1357,4.03412ms,0x00,0x8F
1358,4.03997ms,0x00,0x02
1359,4.04636ms,0x00,0x33
1360,4.09810ms,0x00,0x84
1361,4.10397ms,0x00,0x60
1362,4.11034ms,0x00,0x34
1363,4.16268ms,0x00,0x80
1364,4.16856ms,0x00,0x1A
1365,4.17495ms,0x00,0x30
1366,4.22628ms,0x00,0x80
1367,4.23215ms,0x00,0x32
1368,4.23853ms,0x00,0x31
1369,4.29027ms,0x00,0x85
1370,4.29613ms,0x00,0x5A
1371,4.30252ms,0x00,0x32
1372,4.35425ms,0x00,0x93
1373,4.36012ms,0x00,0x99
1374,4.36650ms,0x00,0x33
1375,4.41828ms,0x00,0x85
1376,4.42416ms,0x00,0x86
1377,4.43056ms,0x00,0x34
1378,4.48292ms,0x00,0x80
1379,4.48879ms,0x00,0x11
1380,4.49519ms,0x00,0x30
1381,4.54648ms,0x00,0x80
1382,4.55236ms,0x00,0x2F
1383,4.55872ms,0x00,0x31
1384,4.61047ms,0x00,0x86
1385,4.61634ms,0x00,0xEB
1386,4.62271ms,0x00,0x32
1387,4.67445ms,0x00,0x9A
1388,4.68032ms,0x00,0x59
1389,4.68670ms,0x00,0x33
1390,4.73853ms,0x00,0x87
1391,4.74440ms,0x00,0x55
1392,4.75080ms,0x00,0x34
1393,4.80314ms,0x00,0x80
1394,4.80903ms,0x00,0x30
1395,4.81540ms,0x00,0x30
1396,4.86664ms,0x00,0x80
1397,4.87250ms,0x00,0x27
1398,4.87888ms,0x00,0x31
1399,4.93063ms,0x00,0x89
1400,4.93648ms,0x00,0x02
1401,4.94287ms,0x00,0x32
1402,4.99474ms,0x00,0xA2
1403,5.00061ms,0x00,0x73
1404,5.00701ms,0x00,0x33
1405,5.05882ms,0x00,0x89
1406,5.06469ms,0x00,0x54
1407,5.07107ms,0x00,0x34
1408,5.12330ms,0x00,0x7F
1409,5.12917ms,0x00,0xDE
1410,5.13554ms,0x00,0x30
1411,5.18680ms,0x00,0x80
1412,5.19266ms,0x00,0x1C
1413,5.19904ms,0x00,0x31
1414,5.25085ms,0x00,0x8B
1415,5.25672ms,0x00,0x0E
1416,5.26312ms,0x00,0x32
1417,5.31498ms,0x00,0xAB
1418,5.32084ms,0x00,0xE9
1419,5.32722ms,0x00,0x33
1420,5.37896ms,0x00,0x8B
1421,5.38484ms,0x00,0x9D
1422,5.39120ms,0x00,0x34
1423,5.44344ms,0x00,0x7F
1424,5.44932ms,0x00,0xF6
1425,5.45568ms,0x00,0x30
1426,5.50703ms,0x00,0x80
1427,5.51292ms,0x00,0x12
1428,5.51930ms,0x00,0x31
1429,5.57114ms,0x00,0x8D
1430,5.57700ms,0x00,0x9E
1431,5.58338ms,0x00,0x32
1432,5.63512ms,0x00,0xB5
1433,5.64099ms,0x00,0x52
1434,5.64736ms,0x00,0x33
1435,5.69911ms,0x00,0x8E
1436,5.70498ms,0x00,0x02
1437,5.71135ms,0x00,0x34
1438,5.76372ms,0x00,0x80
1439,5.76960ms,0x00,0x00
1440,5.77599ms,0x00,0x30
1441,5.82728ms,0x00,0x7F
1442,5.83316ms,0x00,0xF6
1443,5.83954ms,0x00,0x31
1444,5.89128ms,0x00,0x90
1445,5.89714ms,0x00,0x26
1446,5.90352ms,0x00,0x32
1447,5.95527ms,0x00,0xBE
1448,5.96113ms,0x00,0x74
1449,5.96751ms,0x00,0x33
1450,6.01933ms,0x00,0x8F
1451,6.02522ms,0x00,0xE4
1452,6.03160ms,0x00,0x34
1453,6.08397ms,0x00,0x80
1454,6.08985ms,0x00,0x0D
1455,6.09624ms,0x00,0x30
1456,6.14752ms,0x00,0x80
1457,6.15338ms,0x00,0x34
1458,6.15976ms,0x00,0x31
1459,6.21151ms,0x00,0x94
1460,6.21738ms,0x00,0x6A
1461,6.22375ms,0x00,0x32
1462,6.27549ms,0x00,0xD5
1463,6.28136ms,0x00,0x65
1464,6.28773ms,0x00,0x33
1465,6.33948ms,0x00,0x97
1466,6.34535ms,0x00,0x69
1467,6.35173ms,0x00,0x34
1468,6.40410ms,0x00,0x80
1469,6.40997ms,0x00,0x0C
1470,6.41637ms,0x00,0x30
1471,6.46773ms,0x00,0x80
1472,6.47360ms,0x00,0x1D
1473,6.47999ms,0x00,0x31
1474,6.53173ms,0x00,0x93
1475,6.53759ms,0x00,0x32
1476,6.54397ms,0x00,0x32
1477,6.59572ms,0x00,0xD4
1478,6.60159ms,0x00,0x54
1479,6.60796ms,0x00,0x33
1480,6.65972ms,0x00,0x97
1481,6.66560ms,0x00,0x63
1482,6.67199ms,0x00,0x34
1483,6.72434ms,0x00,0x7F
1484,6.73021ms,0x00,0xF5
1485,6.73658ms,0x00,0x30
1486,6.78783ms,0x00,0x80
1487,6.79370ms,0x00,0x2B
1488,6.80007ms,0x00,0x31
1489,6.85184ms,0x00,0x95
1490,6.85772ms,0x00,0xD4
1491,6.86412ms,0x00,0x32
1492,6.91597ms,0x00,0xD7
1493,6.92184ms,0x00,0x45
1494,6.92824ms,0x00,0x33
1495,6.97999ms,0x00,0x97
1496,6.98586ms,0x00,0xD7
1497,6.99223ms,0x00,0x34
1498,7.04447ms,0x00,0x80
1499,7.05034ms,0x00,0x2C
1500,7.05672ms,0x00,0x30
1501,7.10808ms,0x00,0x80
1502,7.11397ms,0x00,0x11
1503,7.12034ms,0x00,0x31
1504,7.17208ms,0x00,0x94
1505,7.17796ms,0x00,0xAA
1506,7.18433ms,0x00,0x32
1507,7.23608ms,0x00,0xD6
1508,7.24196ms,0x00,0x3E
1509,7.24836ms,0x00,0x33
1510,7.30020ms,0x00,0x97
1511,7.30607ms,0x00,0xD7
1512,7.31245ms,0x00,0x34
1513,7.36468ms,0x00,0x80
1514,7.37056ms,0x00,0x33
1515,7.37693ms,0x00,0x30
1516,7.42820ms,0x00,0x80
1517,7.43407ms,0x00,0x31
1518,7.44047ms,0x00,0x31
1519,7.49234ms,0x00,0x94
1520,7.49821ms,0x00,0xBF
1521,7.50461ms,0x00,0x32
1522,7.55636ms,0x00,0xD5
1523,7.56223ms,0x00,0xFD
1524,7.56860ms,0x00,0x33
1525,7.62034ms,0x00,0x97
1526,7.62621ms,0x00,0x82
1527,7.63260ms,0x00,0x34
1528,7.68496ms,0x00,0x80
1529,7.69084ms,0x00,0x01
1530,7.69724ms,0x00,0x30
1531,7.74853ms,0x00,0x80
1532,7.75439ms,0x00,0x35
1533,7.76077ms,0x00,0x31
1534,7.81252ms,0x00,0x93
1535,7.81837ms,0x00,0x5C
1536,7.82476ms,0x00,0x32
1537,7.87648ms,0x00,0xD4
1538,7.88236ms,0x00,0x77
1539,7.88872ms,0x00,0x33
1540,7.94047ms,0x00,0x97
1541,7.94634ms,0x00,0xB1
1542,7.95271ms,0x00,0x34
1543,8.00504ms,0x00,0x80
1544,8.01092ms,0x00,0x08
1545,8.01732ms,0x00,0x30
1546,8.06868ms,0x00,0x80
1547,8.07455ms,0x00,0x34
1548,8.08095ms,0x00,0x31
1549,8.13276ms,0x00,0x93
1550,8.13863ms,0x00,0x3E
1551,8.14501ms,0x00,0x32
1552,8.19674ms,0x00,0xD4
1553,8.20261ms,0x00,0x46
1554,8.20898ms,0x00,0x33
1555,8.26077ms,0x00,0x97
1556,8.26664ms,0x00,0xB3
1557,8.27304ms,0x00,0x34
1558,8.32535ms,0x00,0x7F
1559,8.33122ms,0x00,0xF1
1560,8.33759ms,0x00,0x30
1561,8.38884ms,0x00,0x80
1562,8.39469ms,0x00,0x18
1563,8.40108ms,0x00,0x31
1564,8.45287ms,0x00,0x93
1565,8.45876ms,0x00,0x55
1566,8.46514ms,0x00,0x32
1567,8.51700ms,0x00,0xD4
1568,8.52287ms,0x00,0x49
1569,8.52924ms,0x00,0x33
1570,8.58098ms,0x00,0x97
1571,8.58684ms,0x00,0x7C
1572,8.59322ms,0x00,0x34
1573,8.64554ms,0x00,0x80
1574,8.65143ms,0x00,0x32
1575,8.65781ms,0x00,0x30
1576,8.70908ms,0x00,0x80
1577,8.71495ms,0x00,0x1F
1578,8.72132ms,0x00,0x31
1579,8.77306ms,0x00,0x93
1580,8.77892ms,0x00,0x49
1581,8.78530ms,0x00,0x32
1582,8.83714ms,0x00,0xD4
1583,8.84301ms,0x00,0x30
1584,8.84941ms,0x00,0x33
1585,8.90122ms,0x00,0x97
1586,8.90708ms,0x00,0x4F
1587,8.91346ms,0x00,0x34
1588,8.96568ms,0x00,0x80
1589,8.97156ms,0x00,0x1B
1590,8.97794ms,0x00,0x30
1591,9.02930ms,0x00,0x80
1592,9.03517ms,0x00,0x23
1593,9.04157ms,0x00,0x31
1594,9.09336ms,0x00,0x90
1595,9.09922ms,0x00,0x35
1596,9.10560ms,0x00,0x32
1597,9.15735ms,0x00,0xBE
1598,9.16320ms,0x00,0xB6
1599,9.16959ms,0x00,0x33
1600,9.22141ms,0x00,0x8F
1601,9.22728ms,0x00,0xD5
1602,9.23368ms,0x00,0x34
1603,9.28600ms,0x00,0x80
1604,9.29186ms,0x00,0x14
1605,9.29821ms,0x00,0x30
1606,9.34933ms,0x00,0x80
1607,9.35517ms,0x00,0x1D
1608,9.36154ms,0x00,0x31
1609,9.41336ms,0x00,0x8E
1610,9.41924ms,0x00,0x13
1611,9.42562ms,0x00,0x32
1612,9.47748ms,0x00,0xB6
1613,9.48336ms,0x00,0xD7
1614,9.48975ms,0x00,0x33
1615,9.54157ms,0x00,0x8E
1616,9.54744ms,0x00,0x2A
1617,9.55381ms,0x00,0x34
1618,9.60611ms,0x00,0x80
1619,9.61199ms,0x00,0x0B
1620,9.61837ms,0x00,0x30
1621,9.66973ms,0x00,0x80
1622,9.67562ms,0x00,0x1D
1623,9.68199ms,0x00,0x31
1624,9.73373ms,0x00,0x8C
1625,9.73959ms,0x00,0x0E
1626,9.74597ms,0x00,0x32
1627,9.79770ms,0x00,0xAE
1628,9.80357ms,0x00,0x2C
1629,9.80997ms,0x00,0x33
1630,9.86181ms,0x00,0x8B
1631,9.86768ms,0x00,0xDC
1632,9.87406ms,0x00,0x34
1633,9.92629ms,0x00,0x80
1634,9.93216ms,0x00,0x13
1635,9.93853ms,0x00,0x30
1636,9.98980ms,0x00,0x80
1637,9.99567ms,0x00,0x2C
1638,10.0021ms,0x00,0x31
1639,10.0539ms,0x00,0x89
1640,10.0598ms,0x00,0xE6
1641,10.0662ms,0x00,0x32
1642,10.1179ms,0x00,0xA5
1643,10.1238ms,0x00,0xD9
1644,10.1302ms,0x00,0x33
1645,10.1820ms,0x00,0x89
1646,10.1879ms,0x00,0xDE
1647,10.1942ms,0x00,0x34
1648,10.2466ms,0x00,0x80
1649,10.2525ms,0x00,0x31
1650,10.2589ms,0x00,0x30
1651,10.3101ms,0x00,0x80
1652,10.3160ms,0x00,0x34
1653,10.3224ms,0x00,0x31
1654,10.3741ms,0x00,0x87
1655,10.3800ms,0x00,0xF3
1656,10.3864ms,0x00,0x32
1657,10.4382ms,0x00,0x9E
1658,10.4441ms,0x00,0x14
1659,10.4505ms,0x00,0x33
1660,10.5022ms,0x00,0x87
1661,10.5081ms,0x00,0xCF
1662,10.5144ms,0x00,0x34
1663,10.5667ms,0x00,0x7F
1664,10.5726ms,0x00,0xF7
1665,10.5790ms,0x00,0x30
1666,10.6303ms,0x00,0x80
1667,10.6362ms,0x00,0x26
1668,10.6426ms,0x00,0x31
1669,10.6944ms,0x00,0x86
1670,10.7002ms,0x00,0x08
1671,10.7066ms,0x00,0x32
1672,10.7583ms,0x00,0x96
1673,10.7642ms,0x00,0x82
1674,10.7706ms,0x00,0x33
1675,10.8224ms,0x00,0x85
1676,10.8283ms,0x00,0xDD
1677,10.8347ms,0x00,0x34
1678,10.8869ms,0x00,0x7F
1679,10.8928ms,0x00,0xEC
1680,10.8992ms,0x00,0x30
1681,10.9505ms,0x00,0x80
1682,10.9563ms,0x00,0x31
1683,10.9627ms,0x00,0x31
1684,11.0146ms,0x00,0x84
1685,11.0204ms,0x00,0xBC
1686,11.0268ms,0x00,0x32
1687,11.0786ms,0x00,0x90
1688,11.0844ms,0x00,0x80
1689,11.0908ms,0x00,0x33
1690,11.1426ms,0x00,0x84
1691,11.1484ms,0x00,0x8C
1692,11.1548ms,0x00,0x34
1693,11.2072ms,0x00,0x80
1694,11.2130ms,0x00,0x08
1695,11.2194ms,0x00,0x30
1696,11.2707ms,0x00,0x80
1697,11.2765ms,0x00,0x3B
1698,11.2829ms,0x00,0x31
1699,11.3347ms,0x00,0x83
1700,11.3405ms,0x00,0xC0
1701,11.3469ms,0x00,0x32
1702,11.3988ms,0x00,0x8C
1703,11.4047ms,0x00,0xD8
1704,11.4111ms,0x00,0x33
1705,11.4628ms,0x00,0x83
1706,11.4687ms,0x00,0xD0
1707,11.4751ms,0x00,0x34
1708,11.5273ms,0x00,0x80
1709,11.5332ms,0x00,0x0E
1710,11.5395ms,0x00,0x30
1711,11.5909ms,0x00,0x80
1712,11.5968ms,0x00,0x05
1713,11.6032ms,0x00,0x31
1714,11.6549ms,0x00,0x83
1715,11.6608ms,0x00,0x9B
1716,11.6671ms,0x00,0x32
1717,11.7188ms,0x00,0x8C
1718,11.7247ms,0x00,0xF5
1719,11.7310ms,0x00,0x33
1720,11.7829ms,0x00,0x84
1721,11.7887ms,0x00,0x3C
1722,11.7951ms,0x00,0x34
1723,11.8475ms,0x00,0x80
1724,11.8533ms,0x00,0x39
1725,11.8597ms,0x00,0x30
1726,11.9110ms,0x00,0x80
1727,11.9168ms,0x00,0x1D
1728,11.9232ms,0x00,0x31
1729,11.9752ms,0x00,0x84
1730,11.9811ms,0x00,0x7E
1731,11.9875ms,0x00,0x32
1732,12.0393ms,0x00,0x90
1733,12.0451ms,0x00,0x45
1734,12.0515ms,0x00,0x33
1735,12.1032ms,0x00,0x84
1736,12.1091ms,0x00,0x93
1737,12.1155ms,0x00,0x34
1738,12.1678ms,0x00,0x80
1739,12.1737ms,0x00,0x01
1740,12.1801ms,0x00,0x30
1741,12.2313ms,0x00,0x80
1742,12.2371ms,0x00,0x2E
1743,12.2435ms,0x00,0x31
1744,12.2951ms,0x00,0x85
1745,12.3009ms,0x00,0xF9
1746,12.3073ms,0x00,0x32
1747,12.3593ms,0x00,0x96
1748,12.3652ms,0x00,0xF9
1749,12.3716ms,0x00,0x33
1750,12.4235ms,0x00,0x86
1751,12.4293ms,0x00,0x97
1752,12.4357ms,0x00,0x34
1753,12.4879ms,0x00,0x80
1754,12.4938ms,0x00,0x0B
1755,12.5002ms,0x00,0x30
1756,12.5515ms,0x00,0x80
1757,12.5574ms,0x00,0x2F
1758,12.5638ms,0x00,0x31
1759,12.6155ms,0x00,0x88
1760,12.6214ms,0x00,0x0E
1761,12.6277ms,0x00,0x32
1762,12.6794ms,0x00,0x9F
1763,12.6853ms,0x00,0x3D
1764,12.6916ms,0x00,0x33
1765,12.7435ms,0x00,0x88
1766,12.7493ms,0x00,0x70
1767,12.7557ms,0x00,0x34
1768,12.8081ms,0x00,0x80
1769,12.8140ms,0x00,0x0E
1770,12.8204ms,0x00,0x30
1771,12.8716ms,0x00,0x80
1772,12.8775ms,0x00,0x1E
1773,12.8839ms,0x00,0x31
1774,12.9357ms,0x00,0x8A
1775,12.9416ms,0x00,0x11
1776,12.9480ms,0x00,0x32
1777,12.9998ms,0x00,0xA7
1778,13.0057ms,0x00,0xC7
1779,13.0120ms,0x00,0x33
1780,13.0638ms,0x00,0x8A
1781,13.0696ms,0x00,0xA1
1782,13.0760ms,0x00,0x34
1783,13.1283ms,0x00,0x80
1784,13.1342ms,0x00,0x2C
1785,13.1406ms,0x00,0x30
1786,13.1919ms,0x00,0x80
1787,13.1978ms,0x00,0x39
1788,13.2041ms,0x00,0x31
1789,13.2558ms,0x00,0x8C
1790,13.2616ms,0x00,0xBB
1791,13.2680ms,0x00,0x32
1792,13.3198ms,0x00,0xB1
1793,13.3257ms,0x00,0x7D
1794,13.3321ms,0x00,0x33
1795,13.3840ms,0x00,0x8C
1796,13.3899ms,0x00,0xE9
1797,13.3963ms,0x00,0x34
1798,13.4485ms,0x00,0x80
1799,13.4544ms,0x00,0x1F
1800,13.4607ms,0x00,0x30
1801,13.5121ms,0x00,0x80
1802,13.5180ms,0x00,0x0F
1803,13.5244ms,0x00,0x31
1804,13.5762ms,0x00,0x8E
1805,13.5820ms,0x00,0x55
1806,13.5884ms,0x00,0x32
1807,13.6400ms,0x00,0xB9
1808,13.6459ms,0x00,0xB5
1809,13.6523ms,0x00,0x33
1810,13.7041ms,0x00,0x8F
1811,13.7100ms,0x00,0x05
1812,13.7163ms,0x00,0x34
1813,13.7687ms,0x00,0x80
1814,13.7746ms,0x00,0x27
1815,13.7809ms,0x00,0x30
1816,13.8322ms,0x00,0x80
1817,13.8381ms,0x00,0x35
1818,13.8444ms,0x00,0x31
1819,13.8963ms,0x00,0x91
1820,13.9021ms,0x00,0x82
1821,13.9085ms,0x00,0x32
1822,13.9604ms,0x00,0xC3
1823,13.9662ms,0x00,0xA6
1824,13.9726ms,0x00,0x33
1825,14.0244ms,0x00,0x91
1826,14.0302ms,0x00,0x5A
1827,14.0366ms,0x00,0x34
1828,14.0889ms,0x00,0x7F
1829,14.0948ms,0x00,0xE3
1830,14.1012ms,0x00,0x30
1831,14.1525ms,0x00,0x80
1832,14.1584ms,0x00,0x1B
1833,14.1648ms,0x00,0x31
1834,14.2164ms,0x00,0x93
1835,14.2223ms,0x00,0x81
1836,14.2286ms,0x00,0x32
1837,14.2805ms,0x00,0xD4
1838,14.2863ms,0x00,0x8D
1839,14.2927ms,0x00,0x33
1840,14.3446ms,0x00,0x97
1841,14.3505ms,0x00,0x50
1842,14.3568ms,0x00,0x34
1843,14.4091ms,0x00,0x80
1844,14.4149ms,0x00,0x03
1845,14.4213ms,0x00,0x30
1846,14.4726ms,0x00,0x80
1847,14.4785ms,0x00,0x06
1848,14.4849ms,0x00,0x31
1849,14.5368ms,0x00,0x93
1850,14.5426ms,0x00,0xC3
1851,14.5490ms,0x00,0x32
1852,14.6008ms,0x00,0xCD
1853,14.6066ms,0x00,0x68
1854,14.6130ms,0x00,0x33
1855,14.6648ms,0x00,0x93
1856,14.6706ms,0x00,0xCC
1857,14.6770ms,0x00,0x34
1858,14.7294ms,0x00,0x80
1859,14.7352ms,0x00,0x23
1860,14.7416ms,0x00,0x30
1861,14.7929ms,0x00,0x80
1862,14.7987ms,0x00,0x3A
1863,14.8051ms,0x00,0x31
1864,14.8569ms,0x00,0x93
1865,14.8628ms,0x00,0x79
1866,14.8692ms,0x00,0x32
1867,14.9210ms,0x00,0xD4
1868,14.9269ms,0x00,0x72
1869,14.9333ms,0x00,0x33
1870,14.9850ms,0x00,0x97
1871,14.9908ms,0x00,0x87
1872,14.9972ms,0x00,0x34
1873,15.0494ms,0x00,0x80
1874,15.0553ms,0x00,0x0E
1875,15.0617ms,0x00,0x30
1876,15.1130ms,0x00,0x80
1877,15.1189ms,0x00,0x30
1878,15.1253ms,0x00,0x31
1879,15.1771ms,0x00,0x95
1880,15.1829ms,0x00,0x07
1881,15.1893ms,0x00,0x32
1882,15.2411ms,0x00,0xD2
1883,15.2470ms,0x00,0x5F
1884,15.2534ms,0x00,0x33
1885,15.3052ms,0x00,0x94
1886,15.3111ms,0x00,0xDB
1887,15.3175ms,0x00,0x34
1888,15.3697ms,0x00,0x80
1889,15.3756ms,0x00,0x0F
1890,15.3820ms,0x00,0x30
1891,15.4333ms,0x00,0x80
1892,15.4392ms,0x00,0x3C
1893,15.4456ms,0x00,0x31
1894,15.4974ms,0x00,0x93
1895,15.5033ms,0x00,0x92
1896,15.5097ms,0x00,0x32
1897,15.5613ms,0x00,0xD4
1898,15.5672ms,0x00,0x96
1899,15.5735ms,0x00,0x33
1900,15.6253ms,0x00,0x97
1901,15.6311ms,0x00,0x81
1902,15.6375ms,0x00,0x34
1903,15.6899ms,0x00,0x80
1904,15.6958ms,0x00,0x1C
1905,15.7022ms,0x00,0x30
1906,15.7535ms,0x00,0x80
1907,15.7593ms,0x00,0x21
1908,15.7657ms,0x00,0x31
1909,15.8175ms,0x00,0x93
1910,15.8233ms,0x00,0xBF
1911,15.8297ms,0x00,0x32
1912,15.8816ms,0x00,0xCD
1913,15.8875ms,0x00,0x15
1914,15.8939ms,0x00,0x33
1915,15.9455ms,0x00,0x93
1916,15.9514ms,0x00,0x9C
1917,15.9577ms,0x00,0x34
1918,16.0100ms,0x00,0x80
1919,16.0158ms,0x00,0x10
1920,16.0222ms,0x00,0x30
1921,16.0736ms,0x00,0x80
1922,16.0795ms,0x00,0x0A
1923,16.0859ms,0x00,0x31
1924,16.1377ms,0x00,0x94
1925,16.1435ms,0x00,0x48
1926,16.1499ms,0x00,0x32
1927,16.2017ms,0x00,0xD5
1928,16.2076ms,0x00,0x3F
1929,16.2140ms,0x00,0x33
1930,16.2659ms,0x00,0x97
1931,16.2717ms,0x00,0x4F
1932,16.2781ms,0x00,0x34
1933,16.3303ms,0x00,0x80
1934,16.3362ms,0x00,0x02
1935,16.3426ms,0x00,0x30
1936,16.3938ms,0x00,0x80
1937,16.3997ms,0x00,0x0D
1938,16.4061ms,0x00,0x31
1939,16.4580ms,0x00,0x91
1940,16.4638ms,0x00,0x55
1941,16.4702ms,0x00,0x32
1942,16.5220ms,0x00,0xC3
1943,16.5278ms,0x00,0xEE
1944,16.5342ms,0x00,0x33
1945,16.5858ms,0x00,0x90
1946,16.5917ms,0x00,0xD3
1947,16.5981ms,0x00,0x34
1948,16.6504ms,0x00,0x7F
1949,16.6563ms,0x00,0xE3
1950,16.6627ms,0x00,0x30
1951,16.7141ms,0x00,0x80
1952,16.7199ms,0x00,0x1E
1953,16.7263ms,0x00,0x31
1954,16.7781ms,0x00,0x8F
1955,16.7839ms,0x00,0x74
1956,16.7903ms,0x00,0x32
1957,16.8422ms,0x00,0xBB
1958,16.8481ms,0x00,0x2D
1959,16.8545ms,0x00,0x33
1960,16.9062ms,0x00,0x8F
1961,16.9121ms,0x00,0x1D
1962,16.9185ms,0x00,0x34
1963,16.9707ms,0x00,0x80
1964,16.9766ms,0x00,0x10
1965,16.9829ms,0x00,0x30
1966,17.0343ms,0x00,0x80
1967,17.0402ms,0x00,0x13
1968,17.0465ms,0x00,0x31
1969,17.0983ms,0x00,0x8D
1970,17.1042ms,0x00,0x3E
1971,17.1106ms,0x00,0x32
1972,17.1623ms,0x00,0xB3
1973,17.1682ms,0x00,0xB7
1974,17.1745ms,0x00,0x33
1975,17.2264ms,0x00,0x8D
1976,17.2322ms,0x00,0x83
1977,17.2386ms,0x00,0x34
1978,17.2909ms,0x00,0x7F
1979,17.2968ms,0x00,0xFC
1980,17.3032ms,0x00,0x30
1981,17.3544ms,0x00,0x80
1982,17.3603ms,0x00,0x2B
1983,17.3667ms,0x00,0x31
1984,17.4185ms,0x00,0x8B
1985,17.4244ms,0x00,0xB6
1986,17.4308ms,0x00,0x32
1987,17.4826ms,0x00,0xAB
1988,17.4885ms,0x00,0xE4
1989,17.4949ms,0x00,0x33
1990,17.5466ms,0x00,0x8B
1991,17.5525ms,0x00,0x61
1992,17.5588ms,0x00,0x34
1993,17.6111ms,0x00,0x80
1994,17.6170ms,0x00,0x0E
1995,17.6234ms,0x00,0x30
1996,17.6747ms,0x00,0x80
1997,17.6805ms,0x00,0x24
1998,17.6869ms,0x00,0x31
1999,17.7386ms,0x00,0x89
2000,17.7445ms,0x00,0x6C
2001,17.7509ms,0x00,0x32
2002,17.8027ms,0x00,0xA3
2003,17.8086ms,0x00,0xD1
2004,17.8150ms,0x00,0x33
2005,17.8668ms,0x00,0x89
2006,17.8727ms,0x00,0x8C
2007,17.8791ms,0x00,0x34
2008,17.9313ms,0x00,0x80
2009,17.9372ms,0x00,0x0E
2010,17.9435ms,0x00,0x30
2011,17.9949ms,0x00,0x80
2012,18.0008ms,0x00,0x33
2013,18.0072ms,0x00,0x31
2014,18.0590ms,0x00,0x87
2015,18.0648ms,0x00,0x9D
2016,18.0712ms,0x00,0x32
2017,18.1229ms,0x00,0x9C
2018,18.1288ms,0x00,0x25
2019,18.1352ms,0x00,0x33
2020,18.1870ms,0x00,0x87
2021,18.1929ms,0x00,0xC9
2022,18.1993ms,0x00,0x34
2023,18.2515ms,0x00,0x80
2024,18.2574ms,0x00,0x3E
2025,18.2638ms,0x00,0x30
2026,18.3150ms,0x00,0x7F
2027,18.3209ms,0x00,0xF8
2028,18.3273ms,0x00,0x31
2029,18.3791ms,0x00,0x85
2030,18.3850ms,0x00,0x76
2031,18.3913ms,0x00,0x32
2032,18.4432ms,0x00,0x94
2033,18.4491ms,0x00,0x93
2034,18.4554ms,0x00,0x33
2035,18.5072ms,0x00,0x85
2036,18.5130ms,0x00,0xD7
2037,18.5194ms,0x00,0x34
2038,18.5717ms,0x00,0x80
2039,18.5776ms,0x00,0x0C
2040,18.5840ms,0x00,0x30
2041,18.6353ms,0x00,0x80
2042,18.6412ms,0x00,0x08
2043,18.6476ms,0x00,0x31
2044,18.6993ms,0x00,0x83
2045,18.7052ms,0x00,0xFC
2046,18.7116ms,0x00,0x32
2047,18.7633ms,0x00,0x8E
2048,18.7692ms,0x00,0x45
2049,18.7756ms,0x00,0x33
2050,18.8274ms,0x00,0x84
2051,18.8333ms,0x00,0x5B
2052,18.8397ms,0x00,0x34
2053,18.8919ms,0x00,0x80
2054,18.8978ms,0x00,0x34
2055,18.9041ms,0x00,0x30
2056,18.9554ms,0x00,0x80
2057,18.9613ms,0x00,0x2B
2058,18.9677ms,0x00,0x31
2059,19.0196ms,0x00,0x83
2060,19.0254ms,0x00,0x1B
2061,19.0318ms,0x00,0x32
2062,19.0835ms,0x00,0x8A
2063,19.0894ms,0x00,0x39
2064,19.0958ms,0x00,0x33
2065,19.1476ms,0x00,0x83
2066,19.1535ms,0x00,0x26
2067,19.1599ms,0x00,0x34
2068,19.2122ms,0x00,0x80
2069,19.2181ms,0x00,0x15
2070,19.2244ms,0x00,0x30
2071,19.2757ms,0x00,0x80
2072,19.2816ms,0x00,0x2A
2073,19.2879ms,0x00,0x31
2074,19.3397ms,0x00,0x82
2075,19.3456ms,0x00,0xC4
2076,19.3520ms,0x00,0x32
2077,19.4038ms,0x00,0x88
2078,19.4097ms,0x00,0xBE
2079,19.4160ms,0x00,0x33
2080,19.4678ms,0x00,0x82
2081,19.4736ms,0x00,0xA4
2082,19.4800ms,0x00,0x34
2083,19.5323ms,0x00,0x80
2084,19.5382ms,0x00,0x10
2085,19.5446ms,0x00,0x30
2086,19.5959ms,0x00,0x80
2087,19.6018ms,0x00,0x0E
2088,19.6082ms,0x00,0x31
2089,19.6599ms,0x00,0x82
2090,19.6658ms,0x00,0xF6
2091,19.6721ms,0x00,0x32
2092,19.7240ms,0x00,0x8A
2093,19.7299ms,0x00,0xBF
2094,19.7362ms,0x00,0x33
2095,19.7881ms,0x00,0x83
2096,19.7940ms,0x00,0x75
2097,19.8003ms,0x00,0x34
2098,19.8526ms,0x00,0x80
2099,19.8584ms,0x00,0x26
2100,19.8648ms,0x00,0x30
2101,19.9161ms,0x00,0x80
2102,19.9220ms,0x00,0x3C
2103,19.9284ms,0x00,0x31
2104,19.9802ms,0x00,0x84
2105,19.9860ms,0x00,0x44
2106,19.9924ms,0x00,0x32
2107,20.0442ms,0x00,0x8F
2108,20.0500ms,0x00,0x7F
2109,20.0564ms,0x00,0x33
2110,20.1082ms,0x00,0x84
2111,20.1141ms,0x00,0x8A
2112,20.1205ms,0x00,0x34
2113,20.1728ms,0x00,0x80
2114,20.1786ms,0x00,0x1C
2115,20.1850ms,0x00,0x30
2116,20.2362ms,0x00,0x7F
2117,20.2421ms,0x00,0xFF
2118,20.2485ms,0x00,0x31
2119,20.3003ms,0x00,0x85
2120,20.3062ms,0x00,0x98
2121,20.3126ms,0x00,0x32
2122,20.3644ms,0x00,0x96
2123,20.3703ms,0x00,0x95
2124,20.3767ms,0x00,0x33
2125,20.4284ms,0x00,0x86
2126,20.4343ms,0x00,0x3B
2127,20.4406ms,0x00,0x34
2128,20.4930ms,0x00,0x80
2129,20.4989ms,0x00,0x25
2130,20.5053ms,0x00,0x30
2131,20.5566ms,0x00,0x80
2132,20.5624ms,0x00,0x0F
2133,20.5688ms,0x00,0x31
2134,20.6205ms,0x00,0x87
2135,20.6264ms,0x00,0x9F
2136,20.6328ms,0x00,0x32
2137,20.6845ms,0x00,0x9E
2138,20.6904ms,0x00,0x6B
2139,20.6968ms,0x00,0x33
2140,20.7487ms,0x00,0x88
2141,20.7545ms,0x00,0x9A
2142,20.7609ms,0x00,0x34
2143,20.8132ms,0x00,0x80
2144,20.8190ms,0x00,0x19
2145,20.8254ms,0x00,0x30
2146,20.8767ms,0x00,0x80
2147,20.8825ms,0x00,0x26
2148,20.8889ms,0x00,0x31
2149,20.9407ms,0x00,0x89
2150,20.9466ms,0x00,0x9F
2151,20.9530ms,0x00,0x32
2152,21.0047ms,0x00,0xA6
2153,21.0106ms,0x00,0x1D
2154,21.0169ms,0x00,0x33
2155,21.0688ms,0x00,0x8A
2156,21.0747ms,0x00,0x85
2157,21.0811ms,0x00,0x34
2158,21.1334ms,0x00,0x80
2159,21.1393ms,0x00,0x11
2160,21.1456ms,0x00,0x30
2161,21.1969ms,0x00,0x80
2162,21.2027ms,0x00,0x38
2163,21.2091ms,0x00,0x31
2164,21.2609ms,0x00,0x8B
2165,21.2668ms,0x00,0xE6
2166,21.2732ms,0x00,0x32
2167,21.3250ms,0x00,0xAE
2168,21.3309ms,0x00,0x02
2169,21.3373ms,0x00,0x33
2170,21.3890ms,0x00,0x8C
2171,21.3949ms,0x00,0x38
2172,21.4013ms,0x00,0x34
2173,21.4535ms,0x00,0x80
2174,21.4594ms,0x00,0x2C
2175,21.4658ms,0x00,0x30
2176,21.5171ms,0x00,0x80
2177,21.5230ms,0x00,0x2E
2178,21.5294ms,0x00,0x31
2179,21.5811ms,0x00,0x8D
2180,21.5870ms,0x00,0x93
2181,21.5933ms,0x00,0x32
2182,21.6451ms,0x00,0xB4
2183,21.6510ms,0x00,0xA5
2184,21.6574ms,0x00,0x33
2185,21.7092ms,0x00,0x8D
2186,21.7151ms,0x00,0xF0
2187,21.7215ms,0x00,0x34
2188,21.7737ms,0x00,0x80
2189,21.7796ms,0x00,0x24
2190,21.7860ms,0x00,0x30
2191,21.8372ms,0x00,0x80
2192,21.8431ms,0x00,0x31
2193,21.8495ms,0x00,0x31
2194,21.9013ms,0x00,0x8F
2195,21.9072ms,0x00,0x45
2196,21.9136ms,0x00,0x32
2197,21.9654ms,0x00,0xBB
2198,21.9713ms,0x00,0x3D
2199,21.9776ms,0x00,0x33
2200,22.0294ms,0x00,0x8F
2201,22.0353ms,0x00,0x5E
2202,22.0416ms,0x00,0x34
2203,22.0939ms,0x00,0x80
2204,22.0998ms,0x00,0x2A
2205,22.1062ms,0x00,0x30
2206,22.1575ms,0x00,0x80
2207,22.1633ms,0x00,0x2C
2208,22.1697ms,0x00,0x31
2209,22.2215ms,0x00,0x90
2210,22.2273ms,0x00,0x88
2211,22.2337ms,0x00,0x32
2212,22.2855ms,0x00,0xC0
2213,22.2914ms,0x00,0x42
2214,22.2978ms,0x00,0x33
2215,22.3496ms,0x00,0x90
2216,22.3555ms,0x00,0x8A
2217,22.3619ms,0x00,0x34
2218,22.4141ms,0x00,0x80
2219,22.4200ms,0x00,0x24
2220,22.4264ms,0x00,0x30
2221,22.4777ms,0x00,0x80
2222,22.4836ms,0x00,0x03
2223,22.4900ms,0x00,0x31
2224,22.5418ms,0x00,0x91
2225,22.5477ms,0x00,0xB9
2226,22.5540ms,0x00,0x32
2227,22.6058ms,0x00,0xC3
2228,22.6116ms,0x00,0x93
2229,22.6180ms,0x00,0x33
2230,22.6698ms,0x00,0x90
2231,22.6757ms,0x00,0xA9
2232,22.6821ms,0x00,0x34
2233,22.7344ms,0x00,0x80
2234,22.7402ms,0x00,0x1C
2235,22.7466ms,0x00,0x30
2236,22.7979ms,0x00,0x80
2237,22.8037ms,0x00,0x22
2238,22.8101ms,0x00,0x31
2239,22.8619ms,0x00,0x91
2240,22.8678ms,0x00,0xA7
2241,22.8742ms,0x00,0x32
2242,22.9260ms,0x00,0xC3
2243,22.9319ms,0x00,0x95
2244,22.9383ms,0x00,0x33
2245,22.9900ms,0x00,0x91
2246,22.9959ms,0x00,0x34
2247,23.0022ms,0x00,0x34
2248,23.0546ms,0x00,0x80
2249,23.0605ms,0x00,0x17
2250,23.0669ms,0x00,0x30
2251,23.1182ms,0x00,0x80
2252,23.1241ms,0x00,0x03
2253,23.1304ms,0x00,0x31
2254,23.1822ms,0x00,0x92
2255,23.1880ms,0x00,0x6F
2256,23.1944ms,0x00,0x32
2257,23.2462ms,0x00,0xC5
2258,23.2521ms,0x00,0x9D
2259,23.2585ms,0x00,0x33
2260,23.3103ms,0x00,0x91
2261,23.3161ms,0x00,0x4F
2262,23.3225ms,0x00,0x34
2263,23.3747ms,0x00,0x80
2264,23.3806ms,0x00,0x1E
2265,23.3870ms,0x00,0x30
2266,23.4383ms,0x00,0x80
2267,23.4442ms,0x00,0x05
2268,23.4506ms,0x00,0x31
2269,23.5024ms,0x00,0x91
2270,23.5083ms,0x00,0x9B
2271,23.5146ms,0x00,0x32
2272,23.5664ms,0x00,0xC1
2273,23.5723ms,0x00,0x99
2274,23.5786ms,0x00,0x33
2275,23.6304ms,0x00,0x90
2276,23.6363ms,0x00,0x11
2277,23.6427ms,0x00,0x34
2278,23.6950ms,0x00,0x7F
2279,23.7009ms,0x00,0xDB
2280,23.7072ms,0x00,0x30
2281,23.7585ms,0x00,0x80
2282,23.7643ms,0x00,0x18
2283,23.7707ms,0x00,0x31
2284,23.8225ms,0x00,0x8F
2285,23.8284ms,0x00,0x3C
2286,23.8348ms,0x00,0x32
2287,23.8866ms,0x00,0xBB
2288,23.8925ms,0x00,0x31
2289,23.8989ms,0x00,0x33
2290,23.9506ms,0x00,0x8F
2291,23.9565ms,0x00,0x14
2292,23.9629ms,0x00,0x34
2293,24.0151ms,0x00,0x7F
2294,24.0210ms,0x00,0xE0
2295,24.0274ms,0x00,0x30
2296,24.0787ms,0x00,0x80
2297,24.0846ms,0x00,0x12
2298,24.0910ms,0x00,0x31
2299,24.1427ms,0x00,0x8D
2300,24.1486ms,0x00,0xFF
2301,24.1549ms,0x00,0x32
2302,24.2067ms,0x00,0xB6
2303,24.2126ms,0x00,0x22
2304,24.2189ms,0x00,0x33
2305,24.2708ms,0x00,0x8D
2306,24.2767ms,0x00,0xCD
2307,24.2831ms,0x00,0x34
2308,24.3353ms,0x00,0x80
2309,24.3412ms,0x00,0x14
2310,24.3476ms,0x00,0x30
2311,24.3989ms,0x00,0x80
2312,24.4047ms,0x00,0x16
2313,24.4111ms,0x00,0x31
2314,24.4630ms,0x00,0x8C
2315,24.4689ms,0x00,0x77
2316,24.4753ms,0x00,0x32
2317,24.5270ms,0x00,0xB0
2318,24.5329ms,0x00,0x24
2319,24.5392ms,0x00,0x33
2320,24.5910ms,0x00,0x8C
2321,24.5968ms,0x00,0x4B
2322,24.6032ms,0x00,0x34
2323,24.6556ms,0x00,0x7F
2324,24.6615ms,0x00,0xF8
2325,24.6678ms,0x00,0x30
2326,24.7191ms,0x00,0x80
2327,24.7250ms,0x00,0x0C
2328,24.7313ms,0x00,0x31
2329,24.7831ms,0x00,0x8A
2330,24.7889ms,0x00,0xDD
2331,24.7953ms,0x00,0x32
2332,24.8472ms,0x00,0xA9
2333,24.8531ms,0x00,0xBC
2334,24.8594ms,0x00,0x33
2335,24.9112ms,0x00,0x8A
2336,24.9171ms,0x00,0xCF
2337,24.9234ms,0x00,0x34
2338,24.9757ms,0x00,0x80
2339,24.9816ms,0x00,0x02
2340,24.9879ms,0x00,0x30
2341,25.0393ms,0x00,0x80
